2318
-9997 -8678
-9973 178
-9972 -1012
-9970 -8287
-9969 9562
-9967 -5275
-9962 -8071
-9939 4725
-9933 3171
-9904 -3028
-9903 7894
-9899 -6361
-9896 -3947
-9894 2066
-9893 3951
-9889 -8019
-9882 2915
-9882 8867
-9870 5796
-9868 -547
-9863 -7060
-9863 -6568
-9850 -2237
-9835 3156
-9818 6982
-9809 -9252
-9804 -4656
-9781 -1801
-9781 4212
-9776 -6183
-9773 4684
-9768 -4721
-9753 1480
-9740 -1601
-9740 141
-9731 1972
-9730 -3236
-9724 2214
-9716 2439
-9716 6144
-9714 -1947
-9682 4264
-9664 -28
-9663 -9467
-9654 5157
-9651 1746
-9651 3549
-9646 -3323
-9646 -2250
-9644 -7948
-9636 -139
-9622 -1489
-9618 -9267
-9618 -6797
-9610 7852
-9607 -1594
-9595 -5265
-9590 1036
-9588 -8188
-9584 7483
-9574 -3140
-9573 7211
-9557 4456
-9554 -4215
-9553 4059
-9552 -2912
-9544 -4295
-9535 4596
-9531 -4733
-9529 -3738
-9529 1058
-9528 -5894
-9516 9979
-9504 8695
-9501 -339
-9499 -4410
-9498 -1928
-9497 -7692
-9496 -6699
-9484 -4801
-9479 -1928
-9471 9005
-9455 3300
-9440 -2902
-9433 1842
-9421 -1271
-9398 -838
-9395 -9739
-9375 7386
-9361 6534
-9361 6538
-9357 15
-9348 -1881
-9346 8402
-9344 3181
-9342 -6593
-9333 -3137
-9332 6678
-9305 -652
-9304 133
-9281 8532
-9260 -1990
-9258 -6992
-9254 -1338
-9243 8221
-9229 -8218
-9226 -9814
-9214 -5681
-9187 -9883
-9179 -7990
-9175 1418
-9152 4875
-9149 678
-9141 4814
-9131 -8782
-9121 -1072
-9112 386
-9104 -7105
-9103 5552
-9095 4061
-9084 -1261
-9084 932
-9071 -4955
-9071 2635
-9047 9096
-9019 -1292
-9013 -5195
-9009 9700
-9001 8862
-8999 -7019
-8998 -2519
-8998 5210
-8991 3885
-8986 1964
-8979 -2448
-8959 -886
-8953 -1962
-8944 151
-8941 2502
-8939 1626
-8926 -9820
-8920 -4884
-8913 4166
-8912 -4624
-8884 9820
-8883 6901
-8876 8996
-8871 2199
-8815 -644
-8810 4725
-8806 -826
-8802 -1481
-8780 -1399
-8773 -1673
-8772 5934
-8756 192
-8746 -3577
-8745 3969
-8743 2066
-8736 -4759
-8735 3433
-8729 -1159
-8723 -1936
-8723 -9
-8704 -1881
-8685 1385
-8675 6471
-8635 -799
-8635 3208
-8625 -8946
-8625 -5738
-8624 1850
-8622 9371
-8619 3240
-8609 2734
-8577 -8988
-8572 -4089
-8558 -5159
-8551 -2592
-8547 -8051
-8542 3217
-8536 5826
-8534 -2751
-8534 4697
-8528 9468
-8489 407
-8476 6245
-8465 -4502
-8451 8507
-8449 -9783
-8443 2630
-8417 9814
-8416 -3936
-8409 -8919
-8409 -4198
-8407 9715
-8406 5145
-8406 6725
-8405 7079
-8395 3737
-8389 4728
-8385 -2230
-8377 -5807
-8362 -6337
-8362 5658
-8349 2235
-8349 4527
-8344 -2755
-8339 -4640
-8332 3400
-8327 5328
-8327 8697
-8326 3158
-8324 6431
-8321 3942
-8315 -430
-8314 15
-8314 2175
-8308 5510
-8299 -9606
-8272 -851
-8267 -6381
-8260 -9504
-8259 -7301
-8254 5437
-8246 1879
-8240 5663
-8237 3975
-8225 -3302
-8209 2243
-8205 -1476
-8201 -7280
-8201 -5648
-8199 8213
-8195 -6299
-8187 1074
-8186 9888
-8168 5916
-8167 7437
-8156 2893
-8152 5020
-8146 -3692
-8128 -6957
-8127 -7946
-8111 8140
-8081 2417
-8077 -8206
-8076 -1075
-8075 -8825
-8074 -4513
-8070 6170
-8064 2089
-8056 -158
-8039 3416
-8038 2213
-8034 -9263
-8028 7938
-8022 -4689
-8022 4028
-8014 1271
-8003 -2748
-8001 -690
-7993 -8522
-7960 8919
-7950 -9530
-7942 -8633
-7942 -1243
-7937 -16
-7931 -3714
-7930 -3290
-7928 -759
-7923 1976
-7918 4056
-7909 -1392
-7907 1316
-7891 -6619
-7887 -8772
-7883 -3035
-7882 4884
-7877 -81
-7862 -9582
-7857 8125
-7837 -4613
-7837 3042
-7834 -7850
-7827 2333
-7813 -8806
-7813 9974
-7803 -5784
-7774 -377
-7771 -2499
-7771 4982
-7759 3144
-7756 6692
-7746 3597
-7744 2480
-7741 458
-7715 -9680
-7707 -6440
-7700 6269
-7697 -5024
-7693 7197
-7689 3811
-7660 -4841
-7658 1115
-7656 -4266
-7654 1013
-7645 5491
-7632 -4377
-7630 9429
-7628 9993
-7617 -56
-7595 -6731
-7590 3976
-7582 1775
-7581 3899
-7569 5690
-7563 -8374
-7542 -320
-7526 5597
-7524 -707
-7521 4967
-7518 -7219
-7508 3258
-7495 9838
-7492 -4889
-7487 3745
-7485 7584
-7477 9689
-7476 -2986
-7474 -8087
-7472 3425
-7467 -8893
-7467 2198
-7466 -7302
-7456 -6099
-7455 -2000
-7454 7310
-7450 -7855
-7450 54
-7449 5250
-7446 4090
-7437 2547
-7435 -6084
-7432 -5535
-7426 9212
-7422 -6814
-7406 -5105
-7398 7759
-7372 -1482
-7353 -5419
-7350 1308
-7343 -2609
-7334 -8466
-7317 7579
-7294 1662
-7275 -3503
-7270 -1371
-7268 -414
-7252 -4865
-7232 1134
-7216 9155
-7213 433
-7211 353
-7198 -4769
-7173 -3859
-7167 -9254
-7166 9198
-7161 -1563
-7150 -9953
-7139 -8113
-7131 7373
-7127 4914
-7121 4573
-7096 8597
-7093 8652
-7078 1923
-7077 5060
-7058 -9908
-7054 -2890
-7052 -3630
-7038 -4516
-7030 -8758
-7028 -120
-7026 4619
-7025 1854
-7020 -7
-7017 242
-7009 -8989
-6988 -4276
-6965 7624
-6957 -2182
-6944 9742
-6936 1400
-6936 3646
-6932 -5915
-6911 7978
-6905 -4649
-6886 3701
-6881 -9735
-6866 8531
-6851 1156
-6845 -2652
-6830 -9265
-6830 -5037
-6817 7985
-6812 6526
-6783 9929
-6782 1380
-6779 -4692
-6774 5025
-6772 -6802
-6762 -1582
-6760 6226
-6758 2147
-6758 5764
-6757 -7053
-6750 8647
-6747 717
-6742 -3706
-6740 5588
-6733 3024
-6728 -5350
-6724 -3640
-6719 -2708
-6717 -4623
-6715 1442
-6710 -2862
-6705 7702
-6656 -4010
-6649 4649
-6642 -9221
-6624 -5902
-6623 -2135
-6619 -8979
-6600 -6110
-6594 -2764
-6592 -4049
-6573 -9485
-6572 2502
-6567 9163
-6566 5042
-6553 -9607
-6529 5834
-6522 -8298
-6519 -7024
-6509 -2483
-6487 -9064
-6473 38
-6467 6583
-6459 6235
-6438 -4611
-6429 -8107
-6417 -3623
-6396 -8976
-6392 6822
-6373 -2
-6371 7879
-6326 7777
-6318 -9850
-6318 9283
-6314 -4281
-6297 -4176
-6290 -6289
-6289 1598
-6284 1586
-6271 -7185
-6266 -1692
-6249 2555
-6245 6086
-6198 7765
-6180 2245
-6180 3077
-6173 -9955
-6157 2367
-6155 -8810
-6153 -7241
-6145 -349
-6142 2899
-6140 9827
-6121 7019
-6114 5384
-6111 413
-6108 -3093
-6099 -4413
-6088 6760
-6086 3246
-6082 8680
-6060 -7398
-6042 -6125
-6039 231
-6026 4540
-6024 7169
-6003 9291
-5988 9305
-5987 -3908
-5974 -2738
-5965 -800
-5952 -5512
-5951 6863
-5945 -6010
-5940 -6099
-5936 7925
-5930 -6031
-5922 9571
-5914 -4101
-5900 7614
-5899 8737
-5876 -1523
-5861 1517
-5844 3946
-5840 -5693
-5832 -6134
-5829 885
-5802 8471
-5786 8425
-5779 3498
-5765 2138
-5762 -7595
-5758 -9954
-5756 -7190
-5743 -4022
-5733 4598
-5731 3503
-5719 -3801
-5712 -1440
-5711 -962
-5704 -6400
-5690 7384
-5689 4087
-5679 -9961
-5636 -7461
-5621 -9299
-5619 -2216
-5616 4686
-5612 2315
-5589 3082
-5583 4468
-5573 -2067
-5568 -8467
-5567 -5369
-5565 -6258
-5559 8566
-5556 -7122
-5541 4065
-5528 -4708
-5525 1766
-5523 -8681
-5508 8877
-5502 9900
-5500 -2798
-5495 9808
-5464 -785
-5450 -7405
-5425 5510
-5422 -8874
-5416 -5721
-5413 3887
-5409 -9215
-5409 9856
-5407 -6134
-5403 546
-5401 6470
-5399 9110
-5398 -9031
-5394 -7249
-5380 8496
-5341 8986
-5313 5409
-5309 3788
-5308 -389
-5296 -2210
-5294 8512
-5292 -9552
-5290 -6001
-5274 -3124
-5269 1862
-5259 -3211
-5254 -3072
-5227 -6808
-5217 4867
-5202 1878
-5183 -7249
-5175 4688
-5175 6101
-5165 6777
-5161 7340
-5151 -504
-5127 995
-5127 5860
-5122 2547
-5106 -9840
-5104 -8206
-5100 -3039
-5082 8318
-5068 1562
-5055 -8064
-5051 6321
-5050 5100
-5047 6344
-5037 -3756
-5028 2337
-5007 -9185
-5006 86
-4988 753
-4967 -8394
-4964 -2971
-4953 -7213
-4943 8813
-4939 -3983
-4930 -8673
-4902 -8831
-4900 7519
-4898 -8138
-4885 5807
-4875 -5655
-4868 1462
-4867 -2011
-4856 8621
-4835 554
-4815 -139
-4815 7108
-4814 -1899
-4804 2864
-4804 3543
-4793 -6094
-4769 9729
-4763 -6413
-4756 -4243
-4755 5212
-4747 -3165
-4747 -517
-4742 7738
-4725 -1336
-4693 -4049
-4693 -504
-4685 -9732
-4668 6404
-4658 6280
-4653 -5412
-4649 2448
-4647 -3247
-4634 2397
-4633 -9267
-4629 986
-4608 -1781
-4606 3222
-4599 7604
-4592 -2639
-4575 7325
-4564 -3018
-4560 8719
-4542 -3940
-4542 8386
-4532 -156
-4526 -9051
-4512 -710
-4504 -9985
-4501 -2390
-4495 7362
-4486 -5569
-4483 6189
-4482 4588
-4472 8195
-4464 1575
-4463 -6154
-4459 -5365
-4445 -8920
-4442 8696
-4438 -9275
-4437 -8163
-4435 8364
-4432 3322
-4422 2553
-4416 7548
-4409 3603
-4404 5125
-4387 -6231
-4375 -8337
-4357 -3530
-4355 -7040
-4351 1497
-4351 6597
-4341 2953
-4334 7585
-4333 -31
-4323 -4632
-4313 -7724
-4303 6148
-4293 -1844
-4285 9010
-4279 -3231
-4276 5443
-4272 -326
-4265 -8629
-4244 -7326
-4244 7906
-4241 2366
-4240 -9699
-4237 -3069
-4223 7294
-4213 1100
-4193 2772
-4176 -1240
-4144 -7387
-4141 1043
-4139 -1907
-4125 8489
-4097 9509
-4087 -3098
-4070 -2869
-4063 4571
-4018 3633
-4017 -6780
-3968 -835
-3959 -7274
-3952 3568
-3937 8362
-3919 5932
-3905 -7029
-3897 133
-3888 8195
-3876 7938
-3875 3736
-3873 7067
-3863 -8788
-3854 -5554
-3851 -5191
-3848 860
-3836 5419
-3834 4432
-3815 -2125
-3814 -83
-3804 -7528
-3804 -3638
-3795 -8100
-3794 1975
-3790 5815
-3772 -6787
-3752 -8834
-3737 392
-3730 -7327
-3710 -2186
-3710 -2128
-3709 2134
-3708 3934
-3687 9528
-3680 -2147
-3653 9286
-3652 4142
-3632 9542
-3624 -7564
-3612 6903
-3605 -5124
-3589 3693
-3588 3403
-3585 -3720
-3585 4443
-3582 800
-3579 -5070
-3546 367
-3539 2819
-3529 -5573
-3525 5172
-3520 9328
-3515 -3545
-3497 -147
-3488 365
-3481 -9770
-3472 -8557
-3461 -630
-3447 -4523
-3445 9569
-3433 -6148
-3427 -8800
-3426 -3473
-3415 -7063
-3408 9289
-3401 6936
-3395 -5099
-3394 8667
-3392 8338
-3380 -8533
-3379 -7157
-3358 4646
-3357 392
-3351 -9884
-3348 -7971
-3345 -6313
-3339 6345
-3338 -9006
-3328 509
-3323 6172
-3311 7528
-3309 -6248
-3304 758
-3290 -164
-3289 -9318
-3285 1265
-3280 2348
-3267 69
-3267 2574
-3246 7507
-3233 -5426
-3224 -3964
-3222 4538
-3221 -9602
-3220 592
-3213 -642
-3201 -1334
-3191 -4915
-3167 -3887
-3153 -1028
-3148 2783
-3147 -8714
-3143 -218
-3138 -429
-3136 6100
-3126 2029
-3125 7621
-3112 -7634
-3107 -6963
-3083 -3583
-3075 -4823
-3070 -7328
-3070 494
-3066 -1832
-3062 -3095
-3062 -1903
-3062 9461
-3052 -9982
-3050 8960
-3037 4169
-3031 3486
-3028 -3008
-3019 -4856
-3014 -5017
-3011 -1091
-3007 3339
-2995 7113
-2991 -2721
-2984 3020
-2983 1495
-2981 -1127
-2980 5070
-2966 4489
-2964 3360
-2963 -6154
-2963 3542
-2944 2161
-2934 9059
-2932 6467
-2929 -2816
-2923 2911
-2908 4166
-2908 9361
-2905 -5451
-2904 -2373
-2901 -7741
-2897 2359
-2874 -6719
-2873 7423
-2865 -4707
-2859 -5846
-2851 -3586
-2838 -6470
-2826 -9775
-2822 2003
-2819 690
-2808 484
-2797 845
-2791 -5846
-2771 -5235
-2765 1119
-2748 -5285
-2747 -7829
-2738 8540
-2736 582
-2717 9629
-2715 5867
-2711 -5281
-2707 9415
-2682 4378
-2675 6218
-2674 7258
-2649 -3378
-2628 -7530
-2624 -7448
-2614 8897
-2607 6629
-2585 5801
-2567 1342
-2554 4189
-2537 377
-2531 1334
-2531 6062
-2526 -9123
-2526 -40
-2525 7074
-2506 9159
-2493 1370
-2482 -3954
-2475 -5768
-2473 4375
-2452 8324
-2430 -6578
-2424 -8828
-2423 906
-2419 -2100
-2410 -1910
-2404 -6123
-2401 8005
-2391 -7113
-2391 -6477
-2384 570
-2381 9942
-2372 3854
-2366 -5059
-2359 989
-2354 7103
-2347 -7877
-2343 6411
-2332 -1879
-2330 4620
-2326 -9458
-2323 8522
-2312 -5178
-2306 -2607
-2304 -1256
-2303 8455
-2294 -904
-2291 1795
-2291 8249
-2288 -69
-2287 -9010
-2283 -6434
-2280 2244
-2278 9840
-2270 5985
-2269 -4766
-2258 3701
-2238 -3517
-2229 -3492
-2228 4617
-2212 1042
-2175 -7523
-2169 -6878
-2163 3988
-2162 -5427
-2129 -4980
-2129 -4022
-2121 1312
-2084 8763
-2083 6518
-2074 3967
-2072 -9879
-2059 -1451
-2056 -4357
-2054 -4436
-2054 2024
-2047 -5370
-2040 -6444
-2030 -8382
-2025 8309
-2004 -1841
-2000 -1703
-1989 8227
-1986 -8787
-1980 7321
-1971 -5355
-1946 821
-1943 5853
-1938 -4636
-1936 -9164
-1935 -7367
-1934 -2235
-1920 4057
-1900 -9798
-1890 1262
-1885 -7223
-1885 -987
-1884 2284
-1863 -1585
-1861 4574
-1854 966
-1854 8884
-1843 7659
-1837 -2432
-1836 -1110
-1821 -6047
-1803 3037
-1802 -7583
-1798 -9413
-1798 -7620
-1796 3665
-1782 5395
-1771 -1868
-1760 5800
-1752 -2066
-1746 -5685
-1746 2622
-1745 4510
-1743 -8499
-1741 9399
-1739 -1449
-1731 -2348
-1724 -1661
-1714 9187
-1710 7986
-1703 -2507
-1702 6594
-1695 -7515
-1684 9950
-1681 -9001
-1667 5181
-1663 -4894
-1632 5834
-1628 -2537
-1624 -9089
-1606 -4936
-1601 5139
-1599 4226
-1598 9801
-1596 -8020
-1595 3333
-1578 -5207
-1564 5512
-1555 613
-1553 -8801
-1544 9791
-1543 451
-1537 25
-1531 -7050
-1512 -8764
-1506 -9777
-1506 9306
-1499 -1883
-1499 4641
-1488 -5431
-1485 -561
-1483 1995
-1476 3150
-1466 5236
-1458 8112
-1443 7062
-1426 -3641
-1397 -535
-1397 320
-1390 -1631
-1387 8544
-1380 9620
-1350 -7494
-1345 3543
-1342 -9843
-1322 3083
-1321 -8008
-1307 4455
-1295 -8734
-1276 -6599
-1266 3570
-1264 -8511
-1264 -1538
-1264 1443
-1262 -3887
-1258 6318
-1256 7973
-1251 -507
-1228 1523
-1216 -8621
-1213 5788
-1197 4074
-1187 5626
-1186 -9944
-1181 -6339
-1146 9159
-1139 5996
-1133 -8533
-1116 -9924
-1116 3147
-1109 437
-1093 -3103
-1077 6890
-1066 3595
-999 6292
-990 6494
-972 1838
-967 7084
-959 6488
-953 1561
-952 1872
-947 6573
-946 771
-945 7637
-934 8155
-922 693
-914 9620
-908 3347
-905 -202
-904 -1614
-896 9873
-891 5706
-878 3873
-877 -5615
-852 3784
-843 -1744
-835 -2631
-801 9003
-794 -6422
-790 -8774
-785 4987
-774 5407
-754 5878
-745 -3726
-737 6329
-730 -8115
-710 -7018
-701 4930
-697 4326
-683 -3810
-673 -3031
-665 -941
-656 -6033
-614 -7649
-600 -6178
-599 -4274
-594 3109
-593 -1196
-588 -8815
-588 -2177
-570 -5472
-567 1509
-553 -9959
-533 6216
-532 -6617
-525 -9553
-510 8994
-508 -5355
-499 8059
-484 -7797
-465 2739
-458 -7889
-452 -1933
-451 8793
-449 6187
-448 1736
-448 9366
-444 6162
-441 -8490
-424 1427
-423 -740
-421 1706
-420 -5277
-411 275
-411 1234
-409 9935
-400 9911
-365 -9027
-334 8136
-334 8669
-327 -7910
-322 4873
-303 6743
-279 9604
-278 8158
-271 9523
-267 -4679
-223 5323
-206 -1898
-195 4584
-195 6210
-190 5576
-188 2856
-181 -7638
-167 7939
-164 7487
-157 7275
-149 2659
-145 -8883
-113 1507
-111 -5340
-108 -8690
-105 6248
-90 -2743
-86 6630
-83 2903
-81 9095
-78 9776
-67 -8305
-49 -1332
-32 -9964
-24 -7499
-18 -2767
-7 -4786
-6 9877
-4 -6681
8 -6083
21 -6515
24 -9475
37 -4867
47 8069
52 9977
54 3010
68 -7536
80 -2542
86 8145
95 -4310
98 -575
110 8103
132 -7529
142 4749
149 4866
150 8641
165 -5098
168 -827
181 1483
183 9673
184 9560
194 677
222 -7493
233 -8063
247 7768
252 -9989
254 -8007
262 -1025
269 1360
269 6685
273 -2198
302 -5774
326 -4781
344 -5919
346 -1706
355 3149
362 4020
375 9075
390 -9446
390 9712
403 -4787
407 -9805
414 -1783
428 -1189
429 -9957
435 -3462
459 -4487
473 37
476 5364
485 -1686
500 -8516
500 -350
503 5621
511 2005
514 3401
520 587
531 -6
561 861
564 -5209
569 -1999
577 -7277
598 -9487
614 6097
616 5720
618 7919
634 3315
636 7644
636 7920
647 8037
657 -6900
671 5694
694 -7952
694 5318
701 4077
714 854
727 8416
744 -1993
747 -6784
748 -5784
772 -6198
783 7877
787 1230
792 -9621
805 -2756
807 2272
824 3687
834 -539
844 6505
873 -8944
874 -2340
875 7705
882 -6101
891 -9756
900 1543
909 2020
920 -7936
931 9215
936 5100
949 9400
952 -1922
956 -9911
957 6739
968 -247
989 -4459
990 770
992 -2475
996 -7370
1012 -8425
1015 -7989
1030 3771
1042 1114
1058 2155
1061 8844
1065 1600
1068 -6563
1073 2136
1076 -522
1076 4457
1083 -4201
1086 8726
1109 5358
1112 -4790
1119 -5482
1119 1151
1155 -5817
1160 -2427
1166 -4272
1167 -1388
1185 5567
1187 -4433
1207 -6016
1232 -7350
1252 -6080
1254 1158
1263 9358
1276 -4587
1277 -2490
1288 5834
1288 7317
1310 -4900
1313 6369
1315 -5139
1326 1706
1334 -925
1338 -9741
1343 5915
1363 -9269
1375 -3830
1389 -4784
1394 -7399
1406 -7245
1414 -1145
1419 483
1419 3159
1424 5175
1436 8289
1446 2236
1458 -3114
1458 6121
1482 7473
1501 3955
1517 2229
1523 3144
1535 -9897
1541 6737
1554 -1232
1565 -2384
1574 2088
1581 9250
1585 -8155
1585 9268
1586 5896
1587 -9886
1607 -7960
1613 -5193
1626 -454
1672 9683
1685 -4627
1686 -3057
1695 -3137
1721 -8831
1725 8300
1730 6295
1734 -1741
1754 -1010
1762 -4389
1787 8735
1798 9276
1803 -3736
1809 6039
1820 546
1825 -8681
1840 -5933
1845 -7776
1861 9955
1866 -3898
1866 4665
1867 -9415
1873 -2784
1885 -5971
1885 3504
1895 6926
1896 -4461
1935 7280
1945 -6508
1956 3853
1959 -5571
1971 -6983
1983 8912
2002 5091
2016 -5124
2027 3600
2028 3458
2036 9127
2048 5330
2049 -3416
2073 2160
2079 -4485
2080 -3515
2118 -6134
2118 -5992
2138 520
2143 -183
2147 -330
2148 -4242
2161 275
2168 -6217
2185 -2394
2188 -8021
2202 9282
2217 -4126
2237 -5864
2240 -2248
2243 -2128
2254 -3400
2267 4817
2269 6984
2272 -64
2274 -6727
2279 1844
2283 -2012
2300 -4395
2323 4103
2330 5611
2344 5475
2345 2103
2369 -4901
2380 -9867
2381 -3494
2392 1394
2433 6885
2444 -6537
2460 1283
2487 8936
2490 -2636
2493 4202
2533 6675
2540 -4740
2547 3951
2548 8058
2549 543
2553 628
2568 2388
2570 -7438
2570 -2708
2576 240
2584 7642
2591 8570
2593 4602
2598 -5928
2604 -8574
2610 2872
2617 -6800
2624 4814
2625 1610
2644 -9116
2644 6504
2647 -4234
2662 -4499
2663 2881
2680 -5513
2688 1347
2691 9527
2692 6380
2696 1637
2697 -12
2698 7298
2702 2924
2725 -2742
2740 -826
2745 -7482
2745 -3313
2746 -4134
2800 -8303
2807 -740
2820 9814
2826 -3999
2829 5906
2836 6291
2852 -129
2859 9223
2864 -2200
2878 -3648
2882 -5275
2887 4750
2890 -383
2908 8106
2938 -5773
2940 -9181
2941 6264
2946 -9896
2949 1117
2954 4828
2978 19
2979 -4858
2982 -543
2987 7461
2995 -4502
3002 -9787
3002 -4078
3019 304
3030 2762
3035 -3756
3036 -6960
3043 -1532
3049 -9341
3050 -1622
3053 1432
3071 2671
3074 -5712
3083 7938
3090 -632
3101 7716
3108 8669
3116 -4720
3131 8407
3135 -7734
3136 4088
3139 2350
3142 2485
3149 1600
3154 -6882
3154 3615
3189 8133
3192 -6419
3204 -9061
3206 -5782
3211 -685
3213 2840
3240 -118
3261 3497
3263 -8798
3274 -2199
3287 -4862
3290 4665
3302 -4417
3303 -1786
3319 -6010
3325 -4806
3331 4765
3341 4151
3345 -8529
3346 9021
3364 -8265
3369 79
3369 2703
3371 6032
3374 2761
3376 9359
3378 -4949
3379 -7713
3379 7878
3380 -8589
3383 8723
3388 6624
3399 2783
3407 -2424
3428 6629
3435 955
3444 1446
3460 6255
3462 -3299
3463 3023
3465 5612
3466 -3587
3471 5083
3475 -191
3481 5236
3495 637
3545 1533
3552 2873
3554 7526
3568 3192
3569 9645
3596 4527
3619 -1632
3627 -1536
3628 -7760
3635 9481
3649 -1493
3660 7310
3666 -3211
3674 -3378
3683 690
3694 8549
3696 -8895
3701 -4521
3719 6991
3723 5778
3777 -5821
3789 6060
3791 6226
3792 -955
3809 5242
3811 -2758
3816 -257
3829 -2472
3836 6670
3840 -6013
3849 -1351
3852 -3106
3872 -8213
3881 4765
3883 9437
3893 2115
3895 5762
3903 -6369
3928 -7918
3932 9467
3949 3756
3960 -1913
3988 7934
3992 2769
4001 2133
4024 4679
4033 -7580
4036 -6984
4045 3841
4063 146
4075 -31
4078 -4982
4087 5018
4103 -9468
4110 2403
4111 2989
4120 -3854
4126 -731
4148 -5734
4151 -543
4181 -778
4185 -4874
4192 7768
4222 6798
4225 6434
4229 -989
4234 8021
4237 -5783
4267 3175
4280 675
4281 5363
4286 -2705
4290 4803
4293 1883
4297 9431
4300 -12
4300 2292
4313 1688
4314 330
4319 4790
4333 -2950
4345 -1160
4357 -5146
4359 2028
4359 8368
4362 -4006
4370 3893
4373 6420
4378 9619
4381 -5911
4418 1015
4423 5782
4425 -3700
4442 7460
4460 -7942
4506 7049
4513 -25
4518 6121
4527 7630
4533 1803
4540 -8771
4575 1629
4593 -1566
4616 4651
4618 -5864
4637 -5112
4655 4123
4657 -4437
4657 5743
4657 9249
4666 -6077
4678 3641
4678 5968
4681 5455
4692 7763
4697 7161
4705 -3443
4711 6069
4715 -11
4716 -8751
4730 -1791
4751 -186
4753 5343
4754 -6797
4774 3745
4781 -6269
4790 4955
4810 -9997
4814 5048
4815 -8828
4824 -9725
4828 9668
4838 3322
4844 7786
4851 4741
4854 -5835
4855 8639
4856 249
4862 6027
4874 -9742
4885 7219
4890 -151
4891 8779
4906 1673
4907 5005
4921 4648
4923 3664
4936 -6785
4938 7845
4957 4365
4973 1538
4985 3181
5001 1864
5010 2175
5016 3919
5018 9356
5028 8887
5043 6509
5044 2380
5046 -269
5050 -7908
5052 3475
5062 -9724
5070 -1779
5092 -6637
5095 6920
5096 -6962
5098 1694
5107 2526
5108 -9084
5111 2863
5131 1172
5133 -4818
5137 7878
5145 1756
5150 -9680
5151 -7066
5169 -6404
5174 3764
5187 4935
5191 -4568
5198 8750
5205 -8558
5221 -7646
5221 973
5226 -3960
5249 -5371
5268 9298
5270 -6096
5274 8899
5276 -658
5278 1041
5282 6085
5287 -1679
5296 -5424
5306 4288
5325 -6440
5327 -7813
5330 2526
5344 -2580
5348 8864
5358 3316
5371 -8143
5377 4964
5393 3502
5410 8159
5436 -9445
5454 -7771
5472 -8063
5486 8100
5487 -9169
5488 5245
5490 -5145
5498 9291
5517 7156
5522 -9738
5526 6217
5544 7287
5550 3815
5554 -2215
5570 1159
5571 -393
5578 -8814
5578 7143
5588 6082
5590 -1422
5593 6963
5596 -4676
5602 -4850
5610 -9298
5647 -4385
5661 1697
5679 3441
5685 3378
5694 6178
5711 9313
5714 -4930
5716 -2202
5729 -917
5740 7003
5742 -9090
5742 1083
5744 5194
5771 -2477
5773 -2406
5779 2996
5782 -142
5794 -6815
5802 -1563
5803 6631
5817 -215
5829 6105
5864 4135
5874 -7682
5876 9818
5891 8378
5906 -2513
5939 7221
5954 -3704
5956 -7303
5964 5378
5965 -6670
5973 -7390
5975 9376
5983 -2559
5993 6592
6007 5288
6008 -5867
6012 9510
6024 -9875
6024 -6558
6039 2037
6051 -5870
6063 -4218
6072 -8814
6074 6642
6082 -3497
6087 4011
6105 8874
6116 -34
6133 -525
6139 5794
6139 6796
6140 -1275
6144 -1253
6147 2589
6151 -7100
6159 8826
6178 8699
6188 -1008
6194 -4127
6214 -9488
6220 -5134
6231 2039
6232 5741
6235 -1665
6236 8510
6243 3352
6250 -1560
6263 315
6266 1861
6272 3494
6274 -1924
6289 6884
6313 -7571
6317 4305
6321 8089
6322 -8326
6328 -8006
6334 -9421
6334 805
6339 -1
6340 -4809
6342 -1397
6342 8355
6358 3258
6360 3592
6370 5396
6372 4880
6378 2978
6379 9597
6384 4691
6385 9039
6393 3603
6395 1802
6403 9302
6420 8580
6431 -4599
6432 -9438
6443 -3276
6457 6853
6458 -8333
6461 -4787
6466 1235
6485 -500
6491 508
6498 -9240
6501 4984
6502 -7133
6507 -9727
6509 -8500
6509 6896
6539 7369
6549 -7595
6549 -3574
6554 -15
6556 6203
6558 -4252
6582 -3677
6583 7771
6619 -679
6627 -4372
6634 9138
6636 7693
6645 -5052
6647 8909
6650 -6257
6666 -25
6672 7112
6683 1408
6690 5821
6697 -9907
6700 620
6727 -2885
6731 -689
6748 1626
6761 8876
6764 8453
6771 9396
6772 -2519
6785 7704
6794 -4732
6798 -6207
6802 3093
6808 -4416
6813 -877
6818 6922
6819 3194
6825 5784
6837 3022
6852 -9430
6862 -3635
6873 -8120
6879 1999
6901 -5611
6914 4366
6935 4267
6938 -4732
6940 5257
6944 -1341
6957 4481
6966 4592
6980 -7358
6982 4427
6988 6110
6990 -6868
7026 -7310
7053 -8583
7069 7
7069 5294
7071 -3211
7078 2379
7079 -6277
7090 -665
7093 -8357
7106 -9078
7120 -6947
7129 7867
7149 6152
7154 -2685
7155 -4248
7184 -9952
7188 536
7214 1168
7217 7599
7219 -8078
7226 1764
7245 -8191
7249 1488
7254 -3263
7276 -521
7282 -546
7283 6097
7291 -9353
7301 531
7310 8242
7313 -9218
7325 4521
7342 7087
7347 -9368
7349 -1155
7370 -7639
7378 -7323
7393 -1215
7414 -9631
7415 -9972
7418 -4490
7420 3659
7422 6627
7427 5453
7447 -9278
7464 9908
7479 8613
7484 1327
7485 -9795
7490 9837
7509 -4333
7523 -3366
7526 -6838
7547 3866
7548 -6150
7570 -3624
7581 -7742
7583 238
7607 -3676
7607 6842
7607 7922
7626 3071
7630 8039
7638 1301
7639 -9675
7639 -5909
7695 -7079
7695 5249
7705 -153
7709 -1998
7713 9488
7718 1340
7719 -6264
7732 -3211
7733 3500
7735 9645
7744 17
7750 -6163
7763 6458
7763 8436
7765 -2396
7771 7562
7772 7955
7774 -8879
7774 -6528
7793 6816
7820 3036
7825 1229
7830 170
7844 9538
7845 -5114
7849 -9873
7849 -6622
7851 125
7858 1362
7865 1868
7871 5942
7887 9099
7894 1690
7904 3347
7911 -7565
7911 9238
7918 -5454
7942 8189
7966 6450
7974 1873
7975 1127
7990 8048
8026 2165
8039 5063
8042 5307
8050 8747
8069 -6076
8082 9653
8094 4802
8116 -6723
8121 189
8123 2610
8131 8819
8142 -4813
8159 4416
8178 361
8181 5344
8183 -651
8186 3105
8188 -544
8190 3346
8196 5447
8198 -4067
8200 9840
8201 -6460
8206 3100
8225 5641
8229 -9349
8237 -6420
8242 5077
8249 -2681
8253 -5960
8253 -1717
8258 8493
8266 1793
8271 -3710
8282 -6568
8292 4480
8304 -1935
8319 -593
8336 -4073
8348 4356
8350 9032
8358 6013
8360 1183
8364 30
8365 -8819
8365 6973
8368 2591
8386 -9263
8392 -9244
8397 -4556
8406 9202
8407 -5384
8409 3892
8423 2531
8449 -9560
8453 4115
8464 3511
8492 -9049
8499 4912
8515 648
8519 -3671
8536 -7583
8545 6402
8561 -5259
8568 675
8571 14
8571 855
8580 2386
8590 9615
8596 -911
8597 8302
8600 -2900
8602 7735
8606 -9860
8607 -4368
8610 -8985
8627 9754
8639 -7553
8641 9507
8649 -1280
8651 4869
8659 6116
8666 9102
8668 -3247
8670 4105
8671 8585
8674 -4784
8679 9371
8688 8035
8691 3318
8693 -4654
8697 4939
8698 1147
8700 7440
8718 7984
8745 7736
8766 9953
8768 -9113
8773 -4086
8784 -6429
8791 7382
8794 3439
8805 9713
8820 -6133
8834 -5673
8835 -1911
8838 -1678
8842 -1403
8847 7524
8853 -3998
8853 2292
8864 -6623
8870 2097
8873 7660
8884 -2031
8891 4347
8892 -9508
8899 901
8905 4266
8926 9784
8927 -3116
8928 -9902
8934 -1035
8935 1051
8938 -3142
8948 -8472
8968 5637
8980 -182
8983 -1475
8991 2867
9001 7085
9003 2210
9008 7497
9011 -3847
9015 -8780
9016 -4963
9028 6453
9032 -1865
9059 -1861
9078 -2995
9079 9260
9091 -3236
9117 -2254
9120 -4894
9128 -2629
9134 -4099
9140 7791
9146 -1565
9163 -1924
9187 -7702
9203 3934
9215 3608
9220 -1118
9249 -7227
9269 -3412
9290 -7712
9290 -4416
9299 2737
9314 9896
9319 -8094
9333 7569
9338 -4058
9340 -7331
9340 8951
9355 -363
9366 109
9377 3063
9403 -460
9419 -6490
9420 8382
9426 -887
9439 -9413
9439 851
9439 8546
9451 -2395
9457 1644
9458 4846
9469 -2802
9470 -2050
9495 8241
9515 6447
9529 -1047
9535 3900
9543 -8447
9550 -3930
9550 3609
9561 9937
9562 8761
9563 -8998
9571 -841
9603 8494
9616 -7832
9627 133
9630 -8744
9635 9868
9640 -5571
9652 -4818
9652 5689
9653 -7918
9719 1550
9726 2258
9731 -8196
9747 -8471
9753 -1347
9768 7709
9769 -5339
9792 -4243
9796 -4358
9804 4582
9817 -8857
9832 -9655
9833 138
9849 -4537
9867 -2499
9868 3329
9869 -9345
9906 2059
9919 3383
9934 -4483
9934 2954
9943 -5368
9945 -1970
9945 9510
9947 -1576
9950 4443
9960 3915
9965 -3790
9967 -7637
9998 -7404
