50
2 1
100 100
200 200
7 3
1 5
2 3
2 1
5 1
6 3
4 4
4 5
50 8
11 8
9 15
14 17
2 9
1 7
15 13
16 10
9 12
11 7
7 13
17 10
1 16
7 11
8 7
16 17
15 16
10 7
16 1
10 0
13 17
12 17
3 4
14 15
2 11
6 5
12 4
3 13
1 8
0 8
14 8
2 2
16 6
13 6
3 11
8 0
2 5
4 6
4 9
17 11
5 5
9 2
7 0
17 0
8 8
8 2
0 1
1 6
2 14
4 11
15 1
16 2
0 0
0 1
0 2
1 0
1 1
1 2
2 0
2 1
2 2
2 3
3 3
4 3
3 2
4 2
3 1
4 1
25 22732507
60577390 4437494
6230423 31330397
51887708 31933995
1825734 26141505
60486128 35249030
43955744 64555321
79082221 12448013
63583240 70873299
32742397 23757754
61237690 62173739
31170681 56348192
44344512 20485848
62709329 28449876
15709283 52233139
15738778 32305843
12136267 7567217
911724 26973594
57211718 66261140
18975257 24607680
77847562 77426846
16161744 18219568
30677162 69812641
79163490 465377
5316132 4993634
41529121 41099507
30 16499719
33043429 136550081
181322534 92800868
10311472 91642532
85579313 120871761
127634366 78500648
140213907 69380276
56596194 92592879
114837043 105635151
71465738 90949058
84061483 28893117
179341554 123259805
14774280 217422346
165137785 25314131
96313646 33485486
141153425 232871912
141842639 27875657
196553982 19342004
104857954 25455665
41777743 6320104
242385568 180858620
163999025 200429180
137657112 126090020
177461460 94813235
173072195 170783975
54940833 60250596
235620495 86052324
237672136 95516678
123575748 115898013
211511527 232900320
45729462 77275866
50 4
11 6
2 4
14 3
12 11
12 0
15 10
6 6
8 7
15 15
14 8
3 7
9 10
11 9
5 11
3 4
8 2
4 15
8 3
14 0
13 8
8 12
6 2
13 3
11 3
13 7
7 8
7 1
5 10
8 0
12 1
8 10
7 15
8 8
0 3
0 11
1 13
1 10
10 2
6 8
7 11
11 15
13 14
0 8
2 13
11 4
2 5
5 5
3 11
1 9
2 10
1 1
100 100
3 1
100 100
200 200
300 300
1 6583114
112222962 83166220
9 9109890
146406236 342122192
17099715 287070459
345023311 376855393
202550948 388340086
149858946 198924886
34790302 140160721
185688842 67676082
131013723 92824218
244634192 337834843
29 49417835
103462745 38816746
107287137 46760586
41255211 66455603
93945148 1207465
183953928 18560827
26262740 142574084
82233619 113104265
80631481 175095914
115067248 147371233
43613470 13095743
76354275 5852674
157464217 76266605
208479 85320644
63956129 149182354
62109033 151526104
40906429 22220280
18916307 178915171
67762599 40994510
33900627 142124003
128637596 114425138
7303393 4361352
52487118 32987035
119592346 151930261
148126072 51951753
20070324 105413966
5829420 73483459
1033500 12435467
143218615 158818296
133786286 113876527
21 67081383
321170387 436263748
187348126 180215261
273641610 95729734
203004286 457252822
324324329 289287416
31519169 199030563
277188994 288415701
471315140 75429816
202143486 216179147
212759599 384884191
105047539 220937410
223418035 271743903
280706653 146172475
188409588 171694043
20194174 13712812
457116915 432264091
293465390 8108821
16730501 387787923
33408462 238149370
362283828 410872217
198458537 389318199
50 17
5 5
6 9
6 5
3 9
2 0
6 8
7 5
10 1
4 3
2 5
3 5
8 10
1 2
10 3
8 8
9 9
10 0
7 4
3 0
0 0
10 5
4 4
7 2
4 6
2 2
7 1
3 2
9 1
2 1
0 5
5 1
4 1
2 3
8 1
9 8
6 7
8 0
1 9
6 0
8 3
3 3
5 3
9 0
2 4
9 2
10 4
7 7
9 4
1 8
1 6
22 12831146
55470245 9220616
48539025 76324648
52157672 42587837
7967047 2278982
8587601 27351620
53252894 21691206
37065870 52857632
4064038 53388249
75452122 51130683
5786342 41316092
30489118 83095143
74617234 47597071
43776239 53361689
24567476 59777734
31800666 63782875
41902752 29336853
23327228 17952056
27563990 52830840
40566403 36072460
24175030 77005525
20902550 19145698
48532158 60465340
7 6
8 5
3 6
9 2
4 5
3 2
1 8
2 8
13 82713709
372607192 14993099
413046208 132356307
298290843 27854176
350415177 99025014
359338019 273092557
227716992 292919104
59782216 197146888
272196645 156887583
351251812 106881017
466932577 213126952
32629706 374061417
336701906 439870936
196818406 194049817
18 2
0 0
0 1
0 2
0 3
0 4
0 5
1 0
1 1
1 2
1 3
1 4
1 5
2 0
2 1
2 2
2 3
2 4
2 5
24 14290817
177298630 158362378
160700043 248349761
1361217 107314709
31105407 194337965
74715789 171567611
247995899 61576752
33973634 165249540
115416185 189148023
91829556 192843757
232906885 103773983
231824483 204706246
42012469 183770476
153219011 236423394
151369879 32531844
194008076 238320900
132931631 224478509
136117158 121188459
29697326 901920
128795621 92026980
229221428 84237017
244816268 81027966
4365573 176098776
40683963 99750752
77644842 72827102
28 7010298
20259010 845744
28887952 28986004
1638618 27969512
43477242 54794457
17324934 54103948
46135454 48357062
18166050 54103977
22425308 15872568
1554006 8463319
9075641 43835253
23879253 45583195
19155511 52813269
28573311 36008541
31329856 33816781
28299879 40743296
14062012 26414169
29273006 6968099
11274178 30489222
46660174 3307444
22164714 20591065
52308531 38543916
10298817 12145951
37801155 17437866
52073622 3637010
4880511 11939440
7275249 46476581
44435393 4963060
20003619 21673261
14 94721190
102818692 11901776
229840290 97967311
92438282 8289203
88377752 28179570
195349265 264177000
81632912 110595365
233540291 42630875
101250288 181701684
209987223 271814462
197968983 183200920
130985824 51234901
260682881 293964310
298630555 48346427
315265984 17610828
27 12497605
92724350 255956144
332893675 341557412
234242200 91139979
51221032 228895968
359503849 246776388
210404579 127169406
196737071 359978974
116175952 166027767
14609488 215337442
219943757 245084886
270223676 319961307
342247488 181243327
319619943 229442064
12312185 232950369
335709479 212875580
78065888 248221792
301760019 107623081
240512926 53786284
125377981 189522113
310183983 218116909
294124894 89853551
295434086 151352112
242983510 91396153
52343371 165672657
152167790 127804527
81822600 241061796
143791205 26301399
50 20
8 9
5 0
11 0
9 2
4 9
7 7
9 8
10 7
4 6
9 6
5 10
9 3
3 1
4 11
3 6
6 4
8 0
6 1
7 9
7 3
2 8
6 9
7 8
6 7
3 2
6 10
3 7
0 2
8 2
6 11
10 1
6 5
11 9
0 3
3 3
5 9
11 5
1 8
11 6
7 2
7 0
1 1
5 6
8 6
11 11
4 1
5 2
8 1
0 9
4 4
50 4
9 6
12 8
6 0
0 3
12 11
9 8
0 5
2 3
2 5
2 2
7 1
12 9
0 9
6 1
0 2
10 12
0 1
12 7
12 3
12 1
0 0
11 0
12 10
12 4
12 5
1 1
3 1
4 4
9 4
0 10
3 5
11 11
1 9
11 1
3 4
10 5
10 7
8 9
8 1
7 7
7 6
5 2
5 3
6 9
9 0
12 12
0 6
7 0
1 11
4 10
4 1
0 0
0 2
10 0
10 2
12 175438973
331667261 30716040
290001444 151625689
192914390 434315821
201430937 341794397
307557273 134665035
97282967 61796182
110383874 433041390
164480786 46907184
408579673 191129908
39645414 164547015
126300586 141469469
368314641 265167965
15 11559273
49987969 29470600
64063113 4336518
71085122 61848358
2159932 22559981
7103992 26818375
3002492 65670172
47620387 6649084
35614398 33393489
40932194 5359823
4707307 14752536
21199699 41630364
43099569 41468543
48743070 67168299
51433385 7946389
358816 72256110
13 9509776
11096878 63489342
49060702 55508332
23618998 52252892
3891449 63928292
47467711 13872270
6058434 33984093
1663745 51854366
49756843 34828937
9046444 59272788
54810047 17878647
30774384 18220628
27014896 61833398
21402968 45600085
18 1
0 0
0 1
0 2
3 3
3 4
3 5
1 0
1 1
1 2
4 3
4 4
4 5
2 0
2 1
2 2
5 3
5 4
5 5
13 33296393
56005174 13634790
76339596 55271040
92025531 18529809
42374191 53265934
44751543 73640280
45594365 56980375
76044702 72827002
45655098 45276216
74230520 2977890
85227714 90923031
9614808 7149158
49576581 65079653
86287062 52178966
2 67736677
147975425 233825303
170302737 17211088
18 2
0 0
0 1
0 2
3 3
3 4
3 5
1 0
1 1
1 2
4 3
4 4
4 5
2 0
2 1
2 2
5 3
5 4
5 5
50 5
3 15
10 16
9 4
6 15
4 8
5 11
0 1
16 10
17 13
15 10
3 1
11 11
13 18
13 11
13 17
8 8
7 15
6 6
2 4
15 3
12 10
18 11
17 6
8 18
17 3
5 4
11 2
6 1
2 9
9 10
3 8
2 1
2 3
7 9
12 2
13 0
8 11
3 4
18 9
16 7
11 18
17 2
8 12
16 12
4 4
0 2
7 13
15 5
0 11
14 1
14 2
0 1
0 2
0 3
1 0
1 1
1 2
1 3
2 0
2 1
2 2
2 3
3 0
3 1
3 2
50 19
8 3
5 8
7 12
7 2
6 4
13 7
10 13
9 4
3 10
3 1
9 0
3 13
0 13
9 1
9 13
12 4
13 4
4 4
4 6
1 5
7 4
13 2
0 7
4 2
3 11
10 8
2 7
5 9
4 5
1 2
3 8
0 8
10 4
6 7
2 8
10 1
9 6
6 10
4 8
6 8
7 6
4 1
8 8
1 10
3 6
1 6
8 10
13 6
8 13
9 10
18 2662885
10761913 54603564
58270276 34899706
30447818 6708026
54583964 15135223
16209712 15338642
26458699 36232766
1285395 58402934
5547642 43864784
37205920 39829824
22733015 8004192
39834393 53267719
58403578 58459155
47357703 28917994
8672233 46875606
2366858 31191036
30086327 20491099
54822865 53925836
15073863 39578289
24 55328202
230440814 231913445
329502662 122417703
286325136 261238465
42207564 233288512
320320382 249416755
2801128 178060921
139979510 170968653
161964100 47620116
26775460 83584095
265325634 101438487
150015497 112717748
140217206 60965019
241661559 177597797
205637109 4288178
78727737 334192280
148166213 70366710
295733647 312895513
47957939 172100650
292279638 16791827
187939204 145511568
159593990 198614826
118322947 314338375
283618454 129919352
186713721 238499549
16 1
0 0
0 1
0 2
1 0
1 1
1 2
2 0
2 1
2 2
2 3
3 3
4 3
3 2
4 2
3 1
4 1
7 47181579
210244121 116087520
170368931 200603904
251841970 123925273
19035462 228359103
21985324 68714259
107081716 119997842
219561976 193881654
23 5358370
25783697 4468986
68940686 22443596
49449993 58321103
9359185 44343306
18817395 69254687
22353944 16709095
20103609 1996648
45021801 67382437
14626103 69205710
33721422 24434170
12842568 2323165
20633026 43364027
16264900 29030104
66607439 37005294
4348646 2779950
17396385 60297
49431401 29805964
30839973 52950994
22011579 18240012
4545502 57843557
2754784 49405323
20655300 26052180
54227686 6744472
14 1
0 1
0 2
0 3
1 0
1 1
1 2
1 3
2 0
2 1
2 2
2 3
3 0
3 1
3 2
4 2
0 0
0 2
10 0
10 2
24 3344937
21289585 26274613
7062274 26646895
48560245 1025877
40975875 11119135
17322804 12187835
26593000 3997900
26371100 38810501
40675593 29236984
42637554 9661348
25533491 41352394
34183254 8478090
8065291 29405575
41097022 47673667
9865294 39088031
13176181 18975489
36334608 333255
70567 46697156
46468509 47108149
45543068 38600997
18836736 35675383
45667202 6881856
157090 16837617
32280162 48816700
48575113 12709361
5 37822253
307997913 233965511
249314111 64528182
277158720 305440421
175924919 48084257
170916795 20915874
16 54103378
50441296 127407087
65456384 402737
151418041 154877491
12393276 114543791
144416680 99039865
103306712 104458324
74487462 76428615
89727323 15652817
38005280 85612792
52130135 53314852
26209523 11064365
131130446 71630658
21453333 52302953
31077944 132550081
156927171 54037119
142889908 107489822
7 3
8 5
3 6
9 2
4 5
3 2
1 8
2 8
3 29311217
294594482 334209278
411816236 367896238
7167626 265993137
50 6
0 0
11 7
0 11
9 14
2 2
3 3
0 13
6 4
11 8
2 10
11 13
0 8
8 3
9 2
14 8
1 9
14 14
2 9
3 7
2 5
0 4
13 10
9 5
10 5
0 12
3 5
10 14
3 14
10 6
13 7
4 1
2 3
1 13
3 2
12 4
11 6
11 14
9 8
14 12
4 13
4 8
3 8
0 9
1 1
5 3
12 9
6 12
12 11
12 13
8 13
18 1
0 0
0 1
0 2
0 3
0 4
0 5
1 0
1 1
1 2
1 3
1 4
1 5
2 0
2 1
2 2
2 3
2 4
2 5
50 8
2 3
11 15
0 5
0 0
15 5
2 7
11 5
11 11
7 2
2 11
6 11
10 9
6 14
3 16
5 13
16 9
8 0
10 2
15 9
5 4
1 2
7 4
3 13
4 12
3 9
11 1
15 8
1 0
3 10
7 0
1 13
16 16
16 4
15 13
4 7
3 4
14 15
13 13
16 8
9 6
14 10
7 3
9 13
3 6
12 13
12 14
6 9
15 10
0 1
1 9
