100
0
1
2
11
1692
9
808968
629159
545641
207673
451500
1250
20
1000000
507433
824677
999998
631543
981888
223725
999992
92636
388289
207531
999996
576992
6
999995
12500
124033
417075
442468
999994
1123
803776
374446
137934
337067
922644
802825
335182
862676
335008
999999
34
56421
200
775436
7
124
166
253815
360497
767863
154667
40
354265
26387
567650
546716
999991
333287
267514
84802
614934
807345
999993
232629
5
125000
10
999997
269415
405297
807333
672364
893543
769045
778255
859683
8
450037
350671
473257
3
125
742304
529535
25
194188
527474
543058
585717
388081
7063
4
221589
392302
989306
393399
