Case #1:
10000000000000011000000000000001 32769 14348908 1073741825 30517578126 470184984577 4747561509944 35184372088833 205891132094650 1000000000000001
10000000000000100100000000000001 16385 4782970 268435457 6103515626 78364164097 678223072850 4398046511105 22876792454962 100000000000001
10000000000000111000000000000011 32771 14348911 1073741829 30517578131 470184984583 4747561509951 35184372088841 205891132094659 1000000000000011
10000000000001000010000000000001 8193 1594324 67108865 1220703126 13060694017 96889010408 549755813889 2541865828330 10000000000001
10000000000001011000000000000101 32773 14348917 1073741841 30517578151 470184984613 4747561509993 35184372088897 205891132094731 1000000000000101
10000000000001100100000000000011 16387 4782973 268435461 6103515631 78364164103 678223072857 4398046511113 22876792454971 100000000000011
10000000000001111000000000000111 32775 14348920 1073741845 30517578156 470184984619 4747561510000 35184372088905 205891132094740 1000000000000111
10000000000010000001000000000001 4097 531442 16777217 244140626 2176782337 13841287202 68719476737 282429536482 1000000000001
10000000000010011000000000001001 32777 14348935 1073741889 30517578251 470184984793 4747561510287 35184372089345 205891132095379 1000000000001001
10000000000010100100000000000101 16389 4782979 268435473 6103515651 78364164133 678223072899 4398046511169 22876792455043 100000000000101
10000000000010111000000000001011 32779 14348938 1073741893 30517578256 470184984799 4747561510294 35184372089353 205891132095388 1000000000001011
10000000000011000010000000000011 8195 1594327 67108869 1220703131 13060694023 96889010415 549755813897 2541865828339 10000000000011
10000000000011011000000000001101 32781 14348944 1073741905 30517578276 470184984829 4747561510336 35184372089409 205891132095460 1000000000001101
10000000000011100100000000000111 16391 4782982 268435477 6103515656 78364164139 678223072906 4398046511177 22876792455052 100000000000111
10000000000011111000000000001111 32783 14348947 1073741909 30517578281 470184984835 4747561510343 35184372089417 205891132095469 1000000000001111
10000000000100000000100000000001 2049 177148 4194305 48828126 362797057 1977326744 8589934593 31381059610 100000000001
10000000000100011000000000010001 32785 14348989 1073742081 30517578751 470184985873 4747561512345 35184372092929 205891132101211 1000000000010001
10000000000100100100000000001001 16393 4782997 268435521 6103515751 78364164313 678223073193 4398046511617 22876792455691 100000000001001
10000000000100111000000000010011 32787 14348992 1073742085 30517578756 470184985879 4747561512352 35184372092937 205891132101220 1000000000010011
10000000000101000010000000000101 8197 1594333 67108881 1220703151 13060694053 96889010457 549755813953 2541865828411 10000000000101
10000000000101011000000000010101 32789 14348998 1073742097 30517578776 470184985909 4747561512394 35184372092993 205891132101292 1000000000010101
10000000000101100100000000001011 16395 4783000 268435525 6103515756 78364164319 678223073200 4398046511625 22876792455700 100000000001011
10000000000101111000000000010111 32791 14349001 1073742101 30517578781 470184985915 4747561512401 35184372093001 205891132101301 1000000000010111
10000000000110000001000000000011 4099 531445 16777221 244140631 2176782343 13841287209 68719476745 282429536491 1000000000011
10000000000110011000000000011001 32793 14349016 1073742145 30517578876 470184986089 4747561512688 35184372093441 205891132101940 1000000000011001
10000000000110100100000000001101 16397 4783006 268435537 6103515776 78364164349 678223073242 4398046511681 22876792455772 100000000001101
10000000000110111000000000011011 32795 14349019 1073742149 30517578881 470184986095 4747561512695 35184372093449 205891132101949 1000000000011011
10000000000111000010000000000111 8199 1594336 67108885 1220703156 13060694059 96889010464 549755813961 2541865828420 10000000000111
10000000000111011000000000011101 32797 14349025 1073742161 30517578901 470184986125 4747561512737 35184372093505 205891132102021 1000000000011101
10000000000111100100000000001111 16399 4783009 268435541 6103515781 78364164355 678223073249 4398046511689 22876792455781 100000000001111
10000000000111111000000000011111 32799 14349028 1073742165 30517578906 470184986131 4747561512744 35184372093513 205891132102030 1000000000011111
10000000001000000000010000000001 1025 59050 1048577 9765626 60466177 282475250 1073741825 3486784402 10000000001
10000000001000011000000000100001 32801 14349151 1073742849 30517581251 470184992353 4747561526751 35184372121601 205891132153699 1000000000100001
10000000001000100100000000010001 16401 4783051 268435713 6103516251 78364165393 678223075251 4398046515201 22876792461523 100000000010001
10000000001000111000000000100011 32803 14349154 1073742853 30517581256 470184992359 4747561526758 35184372121609 205891132153708 1000000000100011
10000000001001000010000000001001 8201 1594351 67108929 1220703251 13060694233 96889010751 549755814401 2541865829059 10000000001001
10000000001001011000000000100101 32805 14349160 1073742865 30517581276 470184992389 4747561526800 35184372121665 205891132153780 1000000000100101
10000000001001100100000000010011 16403 4783054 268435717 6103516256 78364165399 678223075258 4398046515209 22876792461532 100000000010011
10000000001001111000000000100111 32807 14349163 1073742869 30517581281 470184992395 4747561526807 35184372121673 205891132153789 1000000000100111
10000000001010000001000000000101 4101 531451 16777233 244140651 2176782373 13841287251 68719476801 282429536563 1000000000101
10000000001010011000000000101001 32809 14349178 1073742913 30517581376 470184992569 4747561527094 35184372122113 205891132154428 1000000000101001
10000000001010100100000000010101 16405 4783060 268435729 6103516276 78364165429 678223075300 4398046515265 22876792461604 100000000010101
10000000001010111000000000101011 32811 14349181 1073742917 30517581381 470184992575 4747561527101 35184372122121 205891132154437 1000000000101011
10000000001011000010000000001011 8203 1594354 67108933 1220703256 13060694239 96889010758 549755814409 2541865829068 10000000001011
10000000001011011000000000101101 32813 14349187 1073742929 30517581401 470184992605 4747561527143 35184372122177 205891132154509 1000000000101101
10000000001011100100000000010111 16407 4783063 268435733 6103516281 78364165435 678223075307 4398046515273 22876792461613 100000000010111
10000000001011111000000000101111 32815 14349190 1073742933 30517581406 470184992611 4747561527150 35184372122185 205891132154518 1000000000101111
10000000001100000000100000000011 2051 177151 4194309 48828131 362797063 1977326751 8589934601 31381059619 100000000011
10000000001100011000000000110001 32817 14349232 1073743105 30517581876 470184993649 4747561529152 35184372125697 205891132160260 1000000000110001
10000000001100100100000000011001 16409 4783078 268435777 6103516376 78364165609 678223075594 4398046515713 22876792462252 100000000011001
10000000001100111000000000110011 32819 14349235 1073743109 30517581881 470184993655 4747561529159 35184372125705 205891132160269 1000000000110011
10000000001101000010000000001101 8205 1594360 67108945 1220703276 13060694269 96889010800 549755814465 2541865829140 10000000001101
10000000001101011000000000110101 32821 14349241 1073743121 30517581901 470184993685 4747561529201 35184372125761 205891132160341 1000000000110101
10000000001101100100000000011011 16411 4783081 268435781 6103516381 78364165615 678223075601 4398046515721 22876792462261 100000000011011
10000000001101111000000000110111 32823 14349244 1073743125 30517581906 470184993691 4747561529208 35184372125769 205891132160350 1000000000110111
10000000001110000001000000000111 4103 531454 16777237 244140656 2176782379 13841287258 68719476809 282429536572 1000000000111
10000000001110011000000000111001 32825 14349259 1073743169 30517582001 470184993865 4747561529495 35184372126209 205891132160989 1000000000111001
10000000001110100100000000011101 16413 4783087 268435793 6103516401 78364165645 678223075643 4398046515777 22876792462333 100000000011101
10000000001110111000000000111011 32827 14349262 1073743173 30517582006 470184993871 4747561529502 35184372126217 205891132160998 1000000000111011
10000000001111000010000000001111 8207 1594363 67108949 1220703281 13060694275 96889010807 549755814473 2541865829149 10000000001111
10000000001111011000000000111101 32829 14349268 1073743185 30517582026 470184993901 4747561529544 35184372126273 205891132161070 1000000000111101
10000000001111100100000000011111 16415 4783090 268435797 6103516406 78364165651 678223075650 4398046515785 22876792462342 100000000011111
10000000001111111000000000111111 32831 14349271 1073743189 30517582031 470184993907 4747561529551 35184372126281 205891132161079 1000000000111111
10000000010000000000001000000001 513 19684 262145 1953126 10077697 40353608 134217729 387420490 1000000001
10000000011000000001001000000001 513 19684 262145 1953126 10077697 40353608 134217729 387420490 1000000001
10000000010000011000000001000001 32833 14349637 1073745921 30517593751 470185031233 4747561627593 35184372350977 205891132626091 1000000001000001
10000000010000100100000000100001 16417 4783213 268436481 6103518751 78364171873 678223089657 4398046543873 22876792514011 100000000100001
10000000010000111000000001000011 32835 14349640 1073745925 30517593756 470185031239 4747561627600 35184372350985 205891132626100 1000000001000011
10000000010001000010000000010001 8209 1594405 67109121 1220703751 13060695313 96889012809 549755817985 2541865834891 10000000010001
10000000010001011000000001000101 32837 14349646 1073745937 30517593776 470185031269 4747561627642 35184372351041 205891132626172 1000000001000101
10000000010001100100000000100011 16419 4783216 268436485 6103518756 78364171879 678223089664 4398046543881 22876792514020 100000000100011
10000000010001111000000001000111 32839 14349649 1073745941 30517593781 470185031275 4747561627649 35184372351049 205891132626181 1000000001000111
10000000010010000001000000001001 4105 531469 16777281 244140751 2176782553 13841287545 68719477249 282429537211 1000000001001
10000000010010011000000001001001 32841 14349664 1073745985 30517593876 470185031449 4747561627936 35184372351489 205891132626820 1000000001001001
10000000010010100100000000100101 16421 4783222 268436497 6103518776 78364171909 678223089706 4398046543937 22876792514092 100000000100101
10000000010010111000000001001011 32843 14349667 1073745989 30517593881 470185031455 4747561627943 35184372351497 205891132626829 1000000001001011
10000000010011000010000000010011 8211 1594408 67109125 1220703756 13060695319 96889012816 549755817993 2541865834900 10000000010011
10000000010011011000000001001101 32845 14349673 1073746001 30517593901 470185031485 4747561627985 35184372351553 205891132626901 1000000001001101
10000000010011100100000000100111 16423 4783225 268436501 6103518781 78364171915 678223089713 4398046543945 22876792514101 100000000100111
10000000010011111000000001001111 32847 14349676 1073746005 30517593906 470185031491 4747561627992 35184372351561 205891132626910 1000000001001111
10000000010100000000100000000101 2053 177157 4194321 48828151 362797093 1977326793 8589934657 31381059691 100000000101
10000000010100011000000001010001 32849 14349718 1073746177 30517594376 470185032529 4747561629994 35184372355073 205891132632652 1000000001010001
10000000010100100100000000101001 16425 4783240 268436545 6103518876 78364172089 678223090000 4398046544385 22876792514740 100000000101001
10000000010100111000000001010011 32851 14349721 1073746181 30517594381 470185032535 4747561630001 35184372355081 205891132632661 1000000001010011
10000000010101000010000000010101 8213 1594414 67109137 1220703776 13060695349 96889012858 549755818049 2541865834972 10000000010101
10000000010101011000000001010101 32853 14349727 1073746193 30517594401 470185032565 4747561630043 35184372355137 205891132632733 1000000001010101
10000000010101100100000000101011 16427 4783243 268436549 6103518881 78364172095 678223090007 4398046544393 22876792514749 100000000101011
10000000010101111000000001010111 32855 14349730 1073746197 30517594406 470185032571 4747561630050 35184372355145 205891132632742 1000000001010111
10000000010110000001000000001011 4107 531472 16777285 244140756 2176782559 13841287552 68719477257 282429537220 1000000001011
10000000010110011000000001011001 32857 14349745 1073746241 30517594501 470185032745 4747561630337 35184372355585 205891132633381 1000000001011001
10000000010110100100000000101101 16429 4783249 268436561 6103518901 78364172125 678223090049 4398046544449 22876792514821 100000000101101
10000000010110111000000001011011 32859 14349748 1073746245 30517594506 470185032751 4747561630344 35184372355593 205891132633390 1000000001011011
10000000010111000010000000010111 8215 1594417 67109141 1220703781 13060695355 96889012865 549755818057 2541865834981 10000000010111
10000000010111011000000001011101 32861 14349754 1073746257 30517594526 470185032781 4747561630386 35184372355649 205891132633462 1000000001011101
10000000010111100100000000101111 16431 4783252 268436565 6103518906 78364172131 678223090056 4398046544457 22876792514830 100000000101111
10000000010111111000000001011111 32863 14349757 1073746261 30517594531 470185032787 4747561630393 35184372355657 205891132633471 1000000001011111
10000000011000000000010000000011 1027 59053 1048581 9765631 60466183 282475257 1073741833 3486784411 10000000011
10000000011000011000000001100001 32865 14349880 1073746945 30517596876 470185039009 4747561644400 35184372383745 205891132685140 1000000001100001
10000000011000100100000000110001 16433 4783294 268436737 6103519376 78364173169 678223092058 4398046547969 22876792520572 100000000110001
10000000011000111000000001100011 32867 14349883 1073746949 30517596881 470185039015 4747561644407 35184372383753 205891132685149 1000000001100011
10000000011001000010000000011001 8217 1594432 67109185 1220703876 13060695529 96889013152 549755818497 2541865835620 10000000011001
10000000011001011000000001100101 32869 14349889 1073746961 30517596901 470185039045 4747561644449 35184372383809 205891132685221 1000000001100101
10000000011001100100000000110011 16435 4783297 268436741 6103519381 78364173175 678223092065 4398046547977 22876792520581 100000000110011
10000000011001111000000001100111 32871 14349892 1073746965 30517596906 470185039051 4747561644456 35184372383817 205891132685230 1000000001100111
10000000011010000001000000001101 4109 531478 16777297 244140776 2176782589 13841287594 68719477313 282429537292 1000000001101
10000000011010011000000001101001 32873 14349907 1073747009 30517597001 470185039225 4747561644743 35184372384257 205891132685869 1000000001101001
10000000011010100100000000110101 16437 4783303 268436753 6103519401 78364173205 678223092107 4398046548033 22876792520653 100000000110101
10000000011010111000000001101011 32875 14349910 1073747013 30517597006 470185039231 4747561644750 35184372384265 205891132685878 1000000001101011
10000000011011000010000000011011 8219 1594435 67109189 1220703881 13060695535 96889013159 549755818505 2541865835629 10000000011011
10000000011011011000000001101101 32877 14349916 1073747025 30517597026 470185039261 4747561644792 35184372384321 205891132685950 1000000001101101
10000000011011100100000000110111 16439 4783306 268436757 6103519406 78364173211 678223092114 4398046548041 22876792520662 100000000110111
10000000011011111000000001101111 32879 14349919 1073747029 30517597031 470185039267 4747561644799 35184372384329 205891132685959 1000000001101111
10000000011100000000100000000111 2055 177160 4194325 48828156 362797099 1977326800 8589934665 31381059700 100000000111
10000000011100011000000001110001 32881 14349961 1073747201 30517597501 470185040305 4747561646801 35184372387841 205891132691701 1000000001110001
10000000011100100100000000111001 16441 4783321 268436801 6103519501 78364173385 678223092401 4398046548481 22876792521301 100000000111001
10000000011100111000000001110011 32883 14349964 1073747205 30517597506 470185040311 4747561646808 35184372387849 205891132691710 1000000001110011
10000000011101000010000000011101 8221 1594441 67109201 1220703901 13060695565 96889013201 549755818561 2541865835701 10000000011101
10000000011101011000000001110101 32885 14349970 1073747217 30517597526 470185040341 4747561646850 35184372387905 205891132691782 1000000001110101
10000000011101100100000000111011 16443 4783324 268436805 6103519506 78364173391 678223092408 4398046548489 22876792521310 100000000111011
10000000011101111000000001110111 32887 14349973 1073747221 30517597531 470185040347 4747561646857 35184372387913 205891132691791 1000000001110111
10000000011110000001000000001111 4111 531481 16777301 244140781 2176782595 13841287601 68719477321 282429537301 1000000001111
10000000011110011000000001111001 32889 14349988 1073747265 30517597626 470185040521 4747561647144 35184372388353 205891132692430 1000000001111001
10000000011110100100000000111101 16445 4783330 268436817 6103519526 78364173421 678223092450 4398046548545 22876792521382 100000000111101
10000000011110111000000001111011 32891 14349991 1073747269 30517597631 470185040527 4747561647151 35184372388361 205891132692439 1000000001111011
10000000011111000010000000011111 8223 1594444 67109205 1220703906 13060695571 96889013208 549755818569 2541865835710 10000000011111
10000000011111011000000001111101 32893 14349997 1073747281 30517597651 470185040557 4747561647193 35184372388417 205891132692511 1000000001111101
10000000011111100100000000111111 16447 4783333 268436821 6103519531 78364173427 678223092457 4398046548553 22876792521391 100000000111111
10000000011111111000000001111111 32895 14350000 1073747285 30517597656 470185040563 4747561647200 35184372388425 205891132692520 1000000001111111
10000000100000000000000100000001 257 6562 65537 390626 1679617 5764802 16777217 43046722 100000001
10000000110000000100000100000001 257 6562 65537 390626 1679617 5764802 16777217 43046722 100000001
10000000101000000010000100000001 257 6562 65537 390626 1679617 5764802 16777217 43046722 100000001
10000000100000011000000010000001 32897 14351095 1073758209 30517656251 470185264513 4747562333487 35184374185985 205891136877619 1000000010000001
10000000100000100100000001000001 16449 4783699 268439553 6103531251 78364210753 678223190499 4398046773249 22876792986403 100000001000001
10000000100000111000000010000011 32899 14351098 1073758213 30517656256 470185264519 4747562333494 35184374185993 205891136877628 1000000010000011
10000000100001000010000000100001 8225 1594567 67109889 1220706251 13060701793 96889027215 549755846657 2541865887379 10000000100001
10000000100001011000000010000101 32901 14351104 1073758225 30517656276 470185264549 4747562333536 35184374186049 205891136877700 1000000010000101
10000000100001100100000001000011 16451 4783702 268439557 6103531256 78364210759 678223190506 4398046773257 22876792986412 100000001000011
10000000100001111000000010000111 32903 14351107 1073758229 30517656281 470185264555 4747562333543 35184374186057 205891136877709 1000000010000111
10000000100010000001000000010001 4113 531523 16777473 244141251 2176783633 13841289603 68719480833 282429543043 1000000010001
10000000100010011000000010001001 32905 14351122 1073758273 30517656376 470185264729 4747562333830 35184374186497 205891136878348 1000000010001001
10000000100010100100000001000101 16453 4783708 268439569 6103531276 78364210789 678223190548 4398046773313 22876792986484 100000001000101
10000000100010111000000010001011 32907 14351125 1073758277 30517656381 470185264735 4747562333837 35184374186505 205891136878357 1000000010001011
10000000100011000010000000100011 8227 1594570 67109893 1220706256 13060701799 96889027222 549755846665 2541865887388 10000000100011
10000000100011011000000010001101 32909 14351131 1073758289 30517656401 470185264765 4747562333879 35184374186561 205891136878429 1000000010001101
10000000100011100100000001000111 16455 4783711 268439573 6103531281 78364210795 678223190555 4398046773321 22876792986493 100000001000111
10000000100011111000000010001111 32911 14351134 1073758293 30517656406 470185264771 4747562333886 35184374186569 205891136878438 1000000010001111
10000000100100000000100000001001 2057 177175 4194369 48828251 362797273 1977327087 8589935105 31381060339 100000001001
10000000100100011000000010010001 32913 14351176 1073758465 30517656876 470185265809 4747562335888 35184374190081 205891136884180 1000000010010001
10000000100100100100000001001001 16457 4783726 268439617 6103531376 78364210969 678223190842 4398046773761 22876792987132 100000001001001
10000000100100111000000010010011 32915 14351179 1073758469 30517656881 470185265815 4747562335895 35184374190089 205891136884189 1000000010010011
10000000100101000010000000100101 8229 1594576 67109905 1220706276 13060701829 96889027264 549755846721 2541865887460 10000000100101
10000000100101011000000010010101 32917 14351185 1073758481 30517656901 470185265845 4747562335937 35184374190145 205891136884261 1000000010010101
10000000100101100100000001001011 16459 4783729 268439621 6103531381 78364210975 678223190849 4398046773769 22876792987141 100000001001011
10000000100101111000000010010111 32919 14351188 1073758485 30517656906 470185265851 4747562335944 35184374190153 205891136884270 1000000010010111
10000000100110000001000000010011 4115 531526 16777477 244141256 2176783639 13841289610 68719480841 282429543052 1000000010011
10000000100110011000000010011001 32921 14351203 1073758529 30517657001 470185266025 4747562336231 35184374190593 205891136884909 1000000010011001
10000000100110100100000001001101 16461 4783735 268439633 6103531401 78364211005 678223190891 4398046773825 22876792987213 100000001001101
10000000100110111000000010011011 32923 14351206 1073758533 30517657006 470185266031 4747562336238 35184374190601 205891136884918 1000000010011011
10000000100111000010000000100111 8231 1594579 67109909 1220706281 13060701835 96889027271 549755846729 2541865887469 10000000100111
10000000100111011000000010011101 32925 14351212 1073758545 30517657026 470185266061 4747562336280 35184374190657 205891136884990 1000000010011101
10000000100111100100000001001111 16463 4783738 268439637 6103531406 78364211011 678223190898 4398046773833 22876792987222 100000001001111
10000000100111111000000010011111 32927 14351215 1073758549 30517657031 470185266067 4747562336287 35184374190665 205891136884999 1000000010011111
10000000101000000000010000000101 1029 59059 1048593 9765651 60466213 282475299 1073741889 3486784483 10000000101
10000000101000011000000010100001 32929 14351338 1073759233 30517659376 470185272289 4747562350294 35184374218753 205891136936668 1000000010100001
10000000101000100100000001010001 16465 4783780 268439809 6103531876 78364212049 678223192900 4398046777345 22876792992964 100000001010001
10000000101000111000000010100011 32931 14351341 1073759237 30517659381 470185272295 4747562350301 35184374218761 205891136936677 1000000010100011
10000000101001000010000000101001 8233 1594594 67109953 1220706376 13060702009 96889027558 549755847169 2541865888108 10000000101001
10000000101001011000000010100101 32933 14351347 1073759249 30517659401 470185272325 4747562350343 35184374218817 205891136936749 1000000010100101
10000000101001100100000001010011 16467 4783783 268439813 6103531881 78364212055 678223192907 4398046777353 22876792992973 100000001010011
10000000101001111000000010100111 32935 14351350 1073759253 30517659406 470185272331 4747562350350 35184374218825 205891136936758 1000000010100111
10000000101010000001000000010101 4117 531532 16777489 244141276 2176783669 13841289652 68719480897 282429543124 1000000010101
10000000101010011000000010101001 32937 14351365 1073759297 30517659501 470185272505 4747562350637 35184374219265 205891136937397 1000000010101001
10000000101010100100000001010101 16469 4783789 268439825 6103531901 78364212085 678223192949 4398046777409 22876792993045 100000001010101
10000000101010111000000010101011 32939 14351368 1073759301 30517659506 470185272511 4747562350644 35184374219273 205891136937406 1000000010101011
10000000101011000010000000101011 8235 1594597 67109957 1220706381 13060702015 96889027565 549755847177 2541865888117 10000000101011
10000000101011011000000010101101 32941 14351374 1073759313 30517659526 470185272541 4747562350686 35184374219329 205891136937478 1000000010101101
10000000101011100100000001010111 16471 4783792 268439829 6103531906 78364212091 678223192956 4398046777417 22876792993054 100000001010111
10000000101011111000000010101111 32943 14351377 1073759317 30517659531 470185272547 4747562350693 35184374219337 205891136937487 1000000010101111
10000000101100000000100000001011 2059 177178 4194373 48828256 362797279 1977327094 8589935113 31381060348 100000001011
10000000101100011000000010110001 32945 14351419 1073759489 30517660001 470185273585 4747562352695 35184374222849 205891136943229 1000000010110001
10000000101100100100000001011001 16473 4783807 268439873 6103532001 78364212265 678223193243 4398046777857 22876792993693 100000001011001
10000000101100111000000010110011 32947 14351422 1073759493 30517660006 470185273591 4747562352702 35184374222857 205891136943238 1000000010110011
10000000101101000010000000101101 8237 1594603 67109969 1220706401 13060702045 96889027607 549755847233 2541865888189 10000000101101
10000000101101011000000010110101 32949 14351428 1073759505 30517660026 470185273621 4747562352744 35184374222913 205891136943310 1000000010110101
10000000101101100100000001011011 16475 4783810 268439877 6103532006 78364212271 678223193250 4398046777865 22876792993702 100000001011011
10000000101101111000000010110111 32951 14351431 1073759509 30517660031 470185273627 4747562352751 35184374222921 205891136943319 1000000010110111
10000000101110000001000000010111 4119 531535 16777493 244141281 2176783675 13841289659 68719480905 282429543133 1000000010111
10000000101110011000000010111001 32953 14351446 1073759553 30517660126 470185273801 4747562353038 35184374223361 205891136943958 1000000010111001
10000000101110100100000001011101 16477 4783816 268439889 6103532026 78364212301 678223193292 4398046777921 22876792993774 100000001011101
10000000101110111000000010111011 32955 14351449 1073759557 30517660131 470185273807 4747562353045 35184374223369 205891136943967 1000000010111011
10000000101111000010000000101111 8239 1594606 67109973 1220706406 13060702051 96889027614 549755847241 2541865888198 10000000101111
10000000101111011000000010111101 32957 14351455 1073759569 30517660151 470185273837 4747562353087 35184374223425 205891136944039 1000000010111101
10000000101111100100000001011111 16479 4783819 268439893 6103532031 78364212307 678223193299 4398046777929 22876792993783 100000001011111
10000000101111111000000010111111 32959 14351458 1073759573 30517660156 470185273843 4747562353094 35184374223433 205891136944048 1000000010111111
10000000110000000000001000000011 515 19687 262149 1953131 10077703 40353615 134217737 387420499 1000000011
10000000111000000011001000000011 515 19687 262149 1953131 10077703 40353615 134217737 387420499 1000000011
10000000110000011000000011000001 32961 14351824 1073762305 30517671876 470185311169 4747562451136 35184374448129 205891137409060 1000000011000001
10000000110000100100000001100001 16481 4783942 268440577 6103534376 78364218529 678223207306 4398046806017 22876793045452 100000001100001
10000000110000111000000011000011 32963 14351827 1073762309 30517671881 470185311175 4747562451143 35184374448137 205891137409069 1000000011000011
10000000110001000010000000110001 8241 1594648 67110145 1220706876 13060703089 96889029616 549755850753 2541865893940 10000000110001
10000000110001011000000011000101 32965 14351833 1073762321 30517671901 470185311205 4747562451185 35184374448193 205891137409141 1000000011000101
10000000110001100100000001100011 16483 4783945 268440581 6103534381 78364218535 678223207313 4398046806025 22876793045461 100000001100011
10000000110001111000000011000111 32967 14351836 1073762325 30517671906 470185311211 4747562451192 35184374448201 205891137409150 1000000011000111
10000000110010000001000000011001 4121 531550 16777537 244141376 2176783849 13841289946 68719481345 282429543772 1000000011001
10000000110010011000000011001001 32969 14351851 1073762369 30517672001 470185311385 4747562451479 35184374448641 205891137409789 1000000011001001
10000000110010100100000001100101 16485 4783951 268440593 6103534401 78364218565 678223207355 4398046806081 22876793045533 100000001100101
10000000110010111000000011001011 32971 14351854 1073762373 30517672006 470185311391 4747562451486 35184374448649 205891137409798 1000000011001011
10000000110011000010000000110011 8243 1594651 67110149 1220706881 13060703095 96889029623 549755850761 2541865893949 10000000110011
10000000110011011000000011001101 32973 14351860 1073762385 30517672026 470185311421 4747562451528 35184374448705 205891137409870 1000000011001101
10000000110011100100000001100111 16487 4783954 268440597 6103534406 78364218571 678223207362 4398046806089 22876793045542 100000001100111
10000000110011111000000011001111 32975 14351863 1073762389 30517672031 470185311427 4747562451535 35184374448713 205891137409879 1000000011001111
10000000110100000000100000001101 2061 177184 4194385 48828276 362797309 1977327136 8589935169 31381060420 100000001101
10000000110100011000000011010001 32977 14351905 1073762561 30517672501 470185312465 4747562453537 35184374452225 205891137415621 1000000011010001
10000000110100100100000001101001 16489 4783969 268440641 6103534501 78364218745 678223207649 4398046806529 22876793046181 100000001101001
10000000110100111000000011010011 32979 14351908 1073762565 30517672506 470185312471 4747562453544 35184374452233 205891137415630 1000000011010011
10000000110101000010000000110101 8245 1594657 67110161 1220706901 13060703125 96889029665 549755850817 2541865894021 10000000110101
10000000110101011000000011010101 32981 14351914 1073762577 30517672526 470185312501 4747562453586 35184374452289 205891137415702 1000000011010101
10000000110101100100000001101011 16491 4783972 268440645 6103534506 78364218751 678223207656 4398046806537 22876793046190 100000001101011
10000000110101111000000011010111 32983 14351917 1073762581 30517672531 470185312507 4747562453593 35184374452297 205891137415711 1000000011010111
10000000110110000001000000011011 4123 531553 16777541 244141381 2176783855 13841289953 68719481353 282429543781 1000000011011
10000000110110011000000011011001 32985 14351932 1073762625 30517672626 470185312681 4747562453880 35184374452737 205891137416350 1000000011011001
10000000110110100100000001101101 16493 4783978 268440657 6103534526 78364218781 678223207698 4398046806593 22876793046262 100000001101101
10000000110110111000000011011011 32987 14351935 1073762629 30517672631 470185312687 4747562453887 35184374452745 205891137416359 1000000011011011
10000000110111000010000000110111 8247 1594660 67110165 1220706906 13060703131 96889029672 549755850825 2541865894030 10000000110111
10000000110111011000000011011101 32989 14351941 1073762641 30517672651 470185312717 4747562453929 35184374452801 205891137416431 1000000011011101
10000000110111100100000001101111 16495 4783981 268440661 6103534531 78364218787 678223207705 4398046806601 22876793046271 100000001101111
10000000110111111000000011011111 32991 14351944 1073762645 30517672656 470185312723 4747562453936 35184374452809 205891137416440 1000000011011111
10000000111000000000010000000111 1031 59062 1048597 9765656 60466219 282475306 1073741897 3486784492 10000000111
10000000111000011000000011100001 32993 14352067 1073763329 30517675001 470185318945 4747562467943 35184374480897 205891137468109 1000000011100001
10000000111000100100000001110001 16497 4784023 268440833 6103535001 78364219825 678223209707 4398046810113 22876793052013 100000001110001
10000000111000111000000011100011 32995 14352070 1073763333 30517675006 470185318951 4747562467950 35184374480905 205891137468118 1000000011100011
10000000111001000010000000111001 8249 1594675 67110209 1220707001 13060703305 96889029959 549755851265 2541865894669 10000000111001
10000000111001011000000011100101 32997 14352076 1073763345 30517675026 470185318981 4747562467992 35184374480961 205891137468190 1000000011100101
10000000111001100100000001110011 16499 4784026 268440837 6103535006 78364219831 678223209714 4398046810121 22876793052022 100000001110011
10000000111001111000000011100111 32999 14352079 1073763349 30517675031 470185318987 4747562467999 35184374480969 205891137468199 1000000011100111
10000000111010000001000000011101 4125 531559 16777553 244141401 2176783885 13841289995 68719481409 282429543853 1000000011101
10000000111010011000000011101001 33001 14352094 1073763393 30517675126 470185319161 4747562468286 35184374481409 205891137468838 1000000011101001
10000000111010100100000001110101 16501 4784032 268440849 6103535026 78364219861 678223209756 4398046810177 22876793052094 100000001110101
10000000111010111000000011101011 33003 14352097 1073763397 30517675131 470185319167 4747562468293 35184374481417 205891137468847 1000000011101011
10000000111011000010000000111011 8251 1594678 67110213 1220707006 13060703311 96889029966 549755851273 2541865894678 10000000111011
10000000111011011000000011101101 33005 14352103 1073763409 30517675151 470185319197 4747562468335 35184374481473 205891137468919 1000000011101101
10000000111011100100000001110111 16503 4784035 268440853 6103535031 78364219867 678223209763 4398046810185 22876793052103 100000001110111
10000000111011111000000011101111 33007 14352106 1073763413 30517675156 470185319203 4747562468342 35184374481481 205891137468928 1000000011101111
10000000111100000000100000001111 2063 177187 4194389 48828281 362797315 1977327143 8589935177 31381060429 100000001111
10000000111100011000000011110001 33009 14352148 1073763585 30517675626 470185320241 4747562470344 35184374484993 205891137474670 1000000011110001
10000000111100100100000001111001 16505 4784050 268440897 6103535126 78364220041 678223210050 4398046810625 22876793052742 100000001111001
10000000111100111000000011110011 33011 14352151 1073763589 30517675631 470185320247 4747562470351 35184374485001 205891137474679 1000000011110011
10000000111101000010000000111101 8253 1594684 67110225 1220707026 13060703341 96889030008 549755851329 2541865894750 10000000111101
10000000111101011000000011110101 33013 14352157 1073763601 30517675651 470185320277 4747562470393 35184374485057 205891137474751 1000000011110101
10000000111101100100000001111011 16507 4784053 268440901 6103535131 78364220047 678223210057 4398046810633 22876793052751 100000001111011
10000000111101111000000011110111 33015 14352160 1073763605 30517675656 470185320283 4747562470400 35184374485065 205891137474760 1000000011110111
10000000111110000001000000011111 4127 531562 16777557 244141406 2176783891 13841290002 68719481417 282429543862 1000000011111
10000000111110011000000011111001 33017 14352175 1073763649 30517675751 470185320457 4747562470687 35184374485505 205891137475399 1000000011111001
10000000111110100100000001111101 16509 4784059 268440913 6103535151 78364220077 678223210099 4398046810689 22876793052823 100000001111101
10000000111110111000000011111011 33019 14352178 1073763653 30517675756 470185320463 4747562470694 35184374485513 205891137475408 1000000011111011
10000000111111000010000000111111 8255 1594687 67110229 1220707031 13060703347 96889030015 549755851337 2541865894759 10000000111111
10000000111111011000000011111101 33021 14352184 1073763665 30517675776 470185320493 4747562470736 35184374485569 205891137475480 1000000011111101
10000000111111100100000001111111 16511 4784062 268440917 6103535156 78364220083 678223210106 4398046810697 22876793052832 100000001111111
10000000111111111000000011111111 33023 14352187 1073763669 30517675781 470185320499 4747562470743 35184374485577 205891137475489 1000000011111111
10000001000000000000000010000001 129 2188 16385 78126 279937 823544 2097153 4782970 10000001
10000001100000010000000010000001 129 2188 16385 78126 279937 823544 2097153 4782970 10000001
10000001010000001000000010000001 129 2188 16385 78126 279937 823544 2097153 4782970 10000001
10000001001000000100000010000001 129 2188 16385 78126 279937 823544 2097153 4782970 10000001
10000001000000011000000100000001 33025 14355469 1073807361 30517968751 470186664193 4747567274745 35184388866049 205891175141371 1000000100000001
10000001000000100100000010000001 16513 4785157 268451841 6103593751 78364444033 678223896393 4398048608257 22876797237931 100000010000001
10000001000000111000000100000011 33027 14355472 1073807365 30517968756 470186664199 4747567274752 35184388866057 205891175141380 1000000100000011
10000001000001000010000001000001 8257 1595053 67112961 1220718751 13060740673 96889128057 549756076033 2541866359771 10000001000001
10000001000001011000000100000101 33029 14355478 1073807377 30517968776 470186664229 4747567274794 35184388866113 205891175141452 1000000100000101
10000001000001100100000010000011 16515 4785160 268451845 6103593756 78364444039 678223896400 4398048608265 22876797237940 100000010000011
10000001000001111000000100000111 33031 14355481 1073807381 30517968781 470186664235 4747567274801 35184388866121 205891175141461 1000000100000111
10000001000010000001000000100001 4129 531685 16778241 244143751 2176790113 13841304009 68719509505 282429595531 1000000100001
10000001000010011000000100001001 33033 14355496 1073807425 30517968876 470186664409 4747567275088 35184388866561 205891175142100 1000000100001001
10000001000010100100000010000101 16517 4785166 268451857 6103593776 78364444069 678223896442 4398048608321 22876797238012 100000010000101
10000001000010111000000100001011 33035 14355499 1073807429 30517968881 470186664415 4747567275095 35184388866569 205891175142109 1000000100001011
10000001000011000010000001000011 8259 1595056 67112965 1220718756 13060740679 96889128064 549756076041 2541866359780 10000001000011
10000001000011011000000100001101 33037 14355505 1073807441 30517968901 470186664445 4747567275137 35184388866625 205891175142181 1000000100001101
10000001000011100100000010000111 16519 4785169 268451861 6103593781 78364444075 678223896449 4398048608329 22876797238021 100000010000111
10000001000011111000000100001111 33039 14355508 1073807445 30517968906 470186664451 4747567275144 35184388866633 205891175142190 1000000100001111
10000001000100000000100000010001 2065 177229 4194561 48828751 362798353 1977329145 8589938689 31381066171 100000010001
10000001000100011000000100010001 33041 14355550 1073807617 30517969376 470186665489 4747567277146 35184388870145 205891175147932 1000000100010001
10000001000100100100000010001001 16521 4785184 268451905 6103593876 78364444249 678223896736 4398048608769 22876797238660 100000010001001
10000001000100111000000100010011 33043 14355553 1073807621 30517969381 470186665495 4747567277153 35184388870153 205891175147941 1000000100010011
10000001000101000010000001000101 8261 1595062 67112977 1220718776 13060740709 96889128106 549756076097 2541866359852 10000001000101
10000001000101011000000100010101 33045 14355559 1073807633 30517969401 470186665525 4747567277195 35184388870209 205891175148013 1000000100010101
10000001000101100100000010001011 16523 4785187 268451909 6103593881 78364444255 678223896743 4398048608777 22876797238669 100000010001011
10000001000101111000000100010111 33047 14355562 1073807637 30517969406 470186665531 4747567277202 35184388870217 205891175148022 1000000100010111
10000001000110000001000000100011 4131 531688 16778245 244143756 2176790119 13841304016 68719509513 282429595540 1000000100011
10000001000110011000000100011001 33049 14355577 1073807681 30517969501 470186665705 4747567277489 35184388870657 205891175148661 1000000100011001
10000001000110100100000010001101 16525 4785193 268451921 6103593901 78364444285 678223896785 4398048608833 22876797238741 100000010001101
10000001000110111000000100011011 33051 14355580 1073807685 30517969506 470186665711 4747567277496 35184388870665 205891175148670 1000000100011011
10000001000111000010000001000111 8263 1595065 67112981 1220718781 13060740715 96889128113 549756076105 2541866359861 10000001000111
10000001000111011000000100011101 33053 14355586 1073807697 30517969526 470186665741 4747567277538 35184388870721 205891175148742 1000000100011101
10000001000111100100000010001111 16527 4785196 268451925 6103593906 78364444291 678223896792 4398048608841 22876797238750 100000010001111
10000001000111111000000100011111 33055 14355589 1073807701 30517969531 470186665747 4747567277545 35184388870729 205891175148751 1000000100011111
10000001001000000000010000001001 1033 59077 1048641 9765751 60466393 282475593 1073742337 3486785131 10000001001
10000001001000011000000100100001 33057 14355712 1073808385 30517971876 470186671969 4747567291552 35184388898817 205891175200420 1000000100100001
10000001001000100100000010010001 16529 4785238 268452097 6103594376 78364445329 678223898794 4398048612353 22876797244492 100000010010001
10000001001000111000000100100011 33059 14355715 1073808389 30517971881 470186671975 4747567291559 35184388898825 205891175200429 1000000100100011
10000001001001000010000001001001 8265 1595080 67113025 1220718876 13060740889 96889128400 549756076545 2541866360500 10000001001001
10000001001001011000000100100101 33061 14355721 1073808401 30517971901 470186672005 4747567291601 35184388898881 205891175200501 1000000100100101
10000001001001100100000010010011 16531 4785241 268452101 6103594381 78364445335 678223898801 4398048612361 22876797244501 100000010010011
10000001001001111000000100100111 33063 14355724 1073808405 30517971906 470186672011 4747567291608 35184388898889 205891175200510 1000000100100111
10000001001010000001000000100101 4133 531694 16778257 244143776 2176790149 13841304058 68719509569 282429595612 1000000100101
10000001001010011000000100101001 33065 14355739 1073808449 30517972001 470186672185 4747567291895 35184388899329 205891175201149 1000000100101001
10000001001010100100000010010101 16533 4785247 268452113 6103594401 78364445365 678223898843 4398048612417 22876797244573 100000010010101
10000001001010111000000100101011 33067 14355742 1073808453 30517972006 470186672191 4747567291902 35184388899337 205891175201158 1000000100101011
10000001001011000010000001001011 8267 1595083 67113029 1220718881 13060740895 96889128407 549756076553 2541866360509 10000001001011
10000001001011011000000100101101 33069 14355748 1073808465 30517972026 470186672221 4747567291944 35184388899393 205891175201230 1000000100101101
10000001001011100100000010010111 16535 4785250 268452117 6103594406 78364445371 678223898850 4398048612425 22876797244582 100000010010111
10000001001011111000000100101111 33071 14355751 1073808469 30517972031 470186672227 4747567291951 35184388899401 205891175201239 1000000100101111
10000001001100000000100000010011 2067 177232 4194565 48828756 362798359 1977329152 8589938697 31381066180 100000010011
10000001001100011000000100110001 33073 14355793 1073808641 30517972501 470186673265 4747567293953 35184388902913 205891175206981 1000000100110001
10000001001100100100000010011001 16537 4785265 268452161 6103594501 78364445545 678223899137 4398048612865 22876797245221 100000010011001
10000001001100111000000100110011 33075 14355796 1073808645 30517972506 470186673271 4747567293960 35184388902921 205891175206990 1000000100110011
10000001001101000010000001001101 8269 1595089 67113041 1220718901 13060740925 96889128449 549756076609 2541866360581 10000001001101
10000001001101011000000100110101 33077 14355802 1073808657 30517972526 470186673301 4747567294002 35184388902977 205891175207062 1000000100110101
10000001001101100100000010011011 16539 4785268 268452165 6103594506 78364445551 678223899144 4398048612873 22876797245230 100000010011011
10000001001101111000000100110111 33079 14355805 1073808661 30517972531 470186673307 4747567294009 35184388902985 205891175207071 1000000100110111
10000001001110000001000000100111 4135 531697 16778261 244143781 2176790155 13841304065 68719509577 282429595621 1000000100111
10000001001110011000000100111001 33081 14355820 1073808705 30517972626 470186673481 4747567294296 35184388903425 205891175207710 1000000100111001
10000001001110100100000010011101 16541 4785274 268452177 6103594526 78364445581 678223899186 4398048612929 22876797245302 100000010011101
10000001001110111000000100111011 33083 14355823 1073808709 30517972631 470186673487 4747567294303 35184388903433 205891175207719 1000000100111011
10000001001111000010000001001111 8271 1595092 67113045 1220718906 13060740931 96889128456 549756076617 2541866360590 10000001001111
10000001001111011000000100111101 33085 14355829 1073808721 30517972651 470186673517 4747567294345 35184388903489 205891175207791 1000000100111101
10000001001111100100000010011111 16543 4785277 268452181 6103594531 78364445587 678223899193 4398048612937 22876797245311 100000010011111
10000001001111111000000100111111 33087 14355832 1073808725 30517972656 470186673523 4747567294352 35184388903497 205891175207800 1000000100111111
10000001010000000000001000000101 517 19693 262161 1953151 10077733 40353657 134217793 387420571 1000000101
10000001011000000101001000000101 517 19693 262161 1953151 10077733 40353657 134217793 387420571 1000000101
10000001010000011000000101000001 33089 14356198 1073811457 30517984376 470186710849 4747567392394 35184389128193 205891175672812 1000000101000001
10000001010000100100000010100001 16545 4785400 268452865 6103596876 78364451809 678223913200 4398048641025 22876797296980 100000010100001
10000001010000111000000101000011 33091 14356201 1073811461 30517984381 470186710855 4747567392401 35184389128201 205891175672821 1000000101000011
10000001010001000010000001010001 8273 1595134 67113217 1220719376 13060741969 96889130458 549756080129 2541866366332 10000001010001
10000001010001011000000101000101 33093 14356207 1073811473 30517984401 470186710885 4747567392443 35184389128257 205891175672893 1000000101000101
10000001010001100100000010100011 16547 4785403 268452869 6103596881 78364451815 678223913207 4398048641033 22876797296989 100000010100011
10000001010001111000000101000111 33095 14356210 1073811477 30517984406 470186710891 4747567392450 35184389128265 205891175672902 1000000101000111
10000001010010000001000000101001 4137 531712 16778305 244143876 2176790329 13841304352 68719510017 282429596260 1000000101001
10000001010010011000000101001001 33097 14356225 1073811521 30517984501 470186711065 4747567392737 35184389128705 205891175673541 1000000101001001
10000001010010100100000010100101 16549 4785409 268452881 6103596901 78364451845 678223913249 4398048641089 22876797297061 100000010100101
10000001010010111000000101001011 33099 14356228 1073811525 30517984506 470186711071 4747567392744 35184389128713 205891175673550 1000000101001011
10000001010011000010000001010011 8275 1595137 67113221 1220719381 13060741975 96889130465 549756080137 2541866366341 10000001010011
10000001010011011000000101001101 33101 14356234 1073811537 30517984526 470186711101 4747567392786 35184389128769 205891175673622 1000000101001101
10000001010011100100000010100111 16551 4785412 268452885 6103596906 78364451851 678223913256 4398048641097 22876797297070 100000010100111
10000001010011111000000101001111 33103 14356237 1073811541 30517984531 470186711107 4747567392793 35184389128777 205891175673631 1000000101001111
10000001010100000000100000010101 2069 177238 4194577 48828776 362798389 1977329194 8589938753 31381066252 100000010101
10000001010100011000000101010001 33105 14356279 1073811713 30517985001 470186712145 4747567394795 35184389132289 205891175679373 1000000101010001
10000001010100100100000010101001 16553 4785427 268452929 6103597001 78364452025 678223913543 4398048641537 22876797297709 100000010101001
10000001010100111000000101010011 33107 14356282 1073811717 30517985006 470186712151 4747567394802 35184389132297 205891175679382 1000000101010011
10000001010101000010000001010101 8277 1595143 67113233 1220719401 13060742005 96889130507 549756080193 2541866366413 10000001010101
10000001010101011000000101010101 33109 14356288 1073811729 30517985026 470186712181 4747567394844 35184389132353 205891175679454 1000000101010101
10000001010101100100000010101011 16555 4785430 268452933 6103597006 78364452031 678223913550 4398048641545 22876797297718 100000010101011
10000001010101111000000101010111 33111 14356291 1073811733 30517985031 470186712187 4747567394851 35184389132361 205891175679463 1000000101010111
10000001010110000001000000101011 4139 531715 16778309 244143881 2176790335 13841304359 68719510025 282429596269 1000000101011
10000001010110011000000101011001 33113 14356306 1073811777 30517985126 470186712361 4747567395138 35184389132801 205891175680102 1000000101011001
10000001010110100100000010101101 16557 4785436 268452945 6103597026 78364452061 678223913592 4398048641601 22876797297790 100000010101101
10000001010110111000000101011011 33115 14356309 1073811781 30517985131 470186712367 4747567395145 35184389132809 205891175680111 1000000101011011
10000001010111000010000001010111 8279 1595146 67113237 1220719406 13060742011 96889130514 549756080201 2541866366422 10000001010111
10000001010111011000000101011101 33117 14356315 1073811793 30517985151 470186712397 4747567395187 35184389132865 205891175680183 1000000101011101
10000001010111100100000010101111 16559 4785439 268452949 6103597031 78364452067 678223913599 4398048641609 22876797297799 100000010101111
10000001010111111000000101011111 33119 14356318 1073811797 30517985156 470186712403 4747567395194 35184389132873 205891175680192 1000000101011111
10000001011000000000010000001011 1035 59080 1048645 9765756 60466399 282475600 1073742345 3486785140 10000001011
10000001011000011000000101100001 33121 14356441 1073812481 30517987501 470186718625 4747567409201 35184389160961 205891175731861 1000000101100001
10000001011000100100000010110001 16561 4785481 268453121 6103597501 78364453105 678223915601 4398048645121 22876797303541 100000010110001
10000001011000111000000101100011 33123 14356444 1073812485 30517987506 470186718631 4747567409208 35184389160969 205891175731870 1000000101100011
10000001011001000010000001011001 8281 1595161 67113281 1220719501 13060742185 96889130801 549756080641 2541866367061 10000001011001
10000001011001011000000101100101 33125 14356450 1073812497 30517987526 470186718661 4747567409250 35184389161025 205891175731942 1000000101100101
10000001011001100100000010110011 16563 4785484 268453125 6103597506 78364453111 678223915608 4398048645129 22876797303550 100000010110011
10000001011001111000000101100111 33127 14356453 1073812501 30517987531 470186718667 4747567409257 35184389161033 205891175731951 1000000101100111
10000001011010000001000000101101 4141 531721 16778321 244143901 2176790365 13841304401 68719510081 282429596341 1000000101101
10000001011010011000000101101001 33129 14356468 1073812545 30517987626 470186718841 4747567409544 35184389161473 205891175732590 1000000101101001
10000001011010100100000010110101 16565 4785490 268453137 6103597526 78364453141 678223915650 4398048645185 22876797303622 100000010110101
10000001011010111000000101101011 33131 14356471 1073812549 30517987631 470186718847 4747567409551 35184389161481 205891175732599 1000000101101011
10000001011011000010000001011011 8283 1595164 67113285 1220719506 13060742191 96889130808 549756080649 2541866367070 10000001011011
10000001011011011000000101101101 33133 14356477 1073812561 30517987651 470186718877 4747567409593 35184389161537 205891175732671 1000000101101101
10000001011011100100000010110111 16567 4785493 268453141 6103597531 78364453147 678223915657 4398048645193 22876797303631 100000010110111
10000001011011111000000101101111 33135 14356480 1073812565 30517987656 470186718883 4747567409600 35184389161545 205891175732680 1000000101101111
10000001011100000000100000010111 2071 177241 4194581 48828781 362798395 1977329201 8589938761 31381066261 100000010111
10000001011100011000000101110001 33137 14356522 1073812737 30517988126 470186719921 4747567411602 35184389165057 205891175738422 1000000101110001
10000001011100100100000010111001 16569 4785508 268453185 6103597626 78364453321 678223915944 4398048645633 22876797304270 100000010111001
10000001011100111000000101110011 33139 14356525 1073812741 30517988131 470186719927 4747567411609 35184389165065 205891175738431 1000000101110011
10000001011101000010000001011101 8285 1595170 67113297 1220719526 13060742221 96889130850 549756080705 2541866367142 10000001011101
10000001011101011000000101110101 33141 14356531 1073812753 30517988151 470186719957 4747567411651 35184389165121 205891175738503 1000000101110101
10000001011101100100000010111011 16571 4785511 268453189 6103597631 78364453327 678223915951 4398048645641 22876797304279 100000010111011
10000001011101111000000101110111 33143 14356534 1073812757 30517988156 470186719963 4747567411658 35184389165129 205891175738512 1000000101110111
10000001011110000001000000101111 4143 531724 16778325 244143906 2176790371 13841304408 68719510089 282429596350 1000000101111
10000001011110011000000101111001 33145 14356549 1073812801 30517988251 470186720137 4747567411945 35184389165569 205891175739151 1000000101111001
10000001011110100100000010111101 16573 4785517 268453201 6103597651 78364453357 678223915993 4398048645697 22876797304351 100000010111101
10000001011110111000000101111011 33147 14356552 1073812805 30517988256 470186720143 4747567411952 35184389165577 205891175739160 1000000101111011
10000001011111000010000001011111 8287 1595173 67113301 1220719531 13060742227 96889130857 549756080713 2541866367151 10000001011111
10000001011111011000000101111101 33149 14356558 1073812817 30517988276 470186720173 4747567411994 35184389165633 205891175739232 1000000101111101
10000001011111100100000010111111 16575 4785520 268453205 6103597656 78364453363 678223916000 4398048645705 22876797304360 100000010111111
10000001011111111000000101111111 33151 14356561 1073812821 30517988281 470186720179 4747567412001 35184389165641 205891175739241 1000000101111111
10000001100000000000000100000011 259 6565 65541 390631 1679623 5764809 16777225 43046731 100000011
10000001110000001100000100000011 259 6565 65541 390631 1679623 5764809 16777225 43046731 100000011
10000001101000000110000100000011 259 6565 65541 390631 1679623 5764809 16777225 43046731 100000011
10000001100000011000000110000001 33153 14357656 1073823745 30518046876 470186944129 4747568098288 35184390963201 205891179924340 1000000110000001
10000001100000100100000011000001 16577 4785886 268455937 6103609376 78364490689 678224014042 4398048870401 22876797769372 100000011000001
10000001100000111000000110000011 33155 14357659 1073823749 30518046881 470186944135 4747568098295 35184390963209 205891179924349 1000000110000011
10000001100001000010000001100001 8289 1595296 67113985 1220721876 13060748449 96889144864 549756108801 2541866418820 10000001100001
10000001100001011000000110000101 33157 14357665 1073823761 30518046901 470186944165 4747568098337 35184390963265 205891179924421 1000000110000101
10000001100001100100000011000011 16579 4785889 268455941 6103609381 78364490695 678224014049 4398048870409 22876797769381 100000011000011
10000001100001111000000110000111 33159 14357668 1073823765 30518046906 470186944171 4747568098344 35184390963273 205891179924430 1000000110000111
10000001100010000001000000110001 4145 531766 16778497 244144376 2176791409 13841306410 68719513601 282429602092 1000000110001
10000001100010011000000110001001 33161 14357683 1073823809 30518047001 470186944345 4747568098631 35184390963713 205891179925069 1000000110001001
10000001100010100100000011000101 16581 4785895 268455953 6103609401 78364490725 678224014091 4398048870465 22876797769453 100000011000101
10000001100010111000000110001011 33163 14357686 1073823813 30518047006 470186944351 4747568098638 35184390963721 205891179925078 1000000110001011
10000001100011000010000001100011 8291 1595299 67113989 1220721881 13060748455 96889144871 549756108809 2541866418829 10000001100011
10000001100011011000000110001101 33165 14357692 1073823825 30518047026 470186944381 4747568098680 35184390963777 205891179925150 1000000110001101
10000001100011100100000011000111 16583 4785898 268455957 6103609406 78364490731 678224014098 4398048870473 22876797769462 100000011000111
10000001100011111000000110001111 33167 14357695 1073823829 30518047031 470186944387 4747568098687 35184390963785 205891179925159 1000000110001111
10000001100100000000100000011001 2073 177256 4194625 48828876 362798569 1977329488 8589939201 31381066900 100000011001
10000001100100011000000110010001 33169 14357737 1073824001 30518047501 470186945425 4747568100689 35184390967297 205891179930901 1000000110010001
10000001100100100100000011001001 16585 4785913 268456001 6103609501 78364490905 678224014385 4398048870913 22876797770101 100000011001001
10000001100100111000000110010011 33171 14357740 1073824005 30518047506 470186945431 4747568100696 35184390967305 205891179930910 1000000110010011
10000001100101000010000001100101 8293 1595305 67114001 1220721901 13060748485 96889144913 549756108865 2541866418901 10000001100101
10000001100101011000000110010101 33173 14357746 1073824017 30518047526 470186945461 4747568100738 35184390967361 205891179930982 1000000110010101
10000001100101100100000011001011 16587 4785916 268456005 6103609506 78364490911 678224014392 4398048870921 22876797770110 100000011001011
10000001100101111000000110010111 33175 14357749 1073824021 30518047531 470186945467 4747568100745 35184390967369 205891179930991 1000000110010111
10000001100110000001000000110011 4147 531769 16778501 244144381 2176791415 13841306417 68719513609 282429602101 1000000110011
10000001100110011000000110011001 33177 14357764 1073824065 30518047626 470186945641 4747568101032 35184390967809 205891179931630 1000000110011001
10000001100110100100000011001101 16589 4785922 268456017 6103609526 78364490941 678224014434 4398048870977 22876797770182 100000011001101
10000001100110111000000110011011 33179 14357767 1073824069 30518047631 470186945647 4747568101039 35184390967817 205891179931639 1000000110011011
10000001100111000010000001100111 8295 1595308 67114005 1220721906 13060748491 96889144920 549756108873 2541866418910 10000001100111
10000001100111011000000110011101 33181 14357773 1073824081 30518047651 470186945677 4747568101081 35184390967873 205891179931711 1000000110011101
10000001100111100100000011001111 16591 4785925 268456021 6103609531 78364490947 678224014441 4398048870985 22876797770191 100000011001111
10000001100111111000000110011111 33183 14357776 1073824085 30518047656 470186945683 4747568101088 35184390967881 205891179931720 1000000110011111
10000001101000000000010000001101 1037 59086 1048657 9765776 60466429 282475642 1073742401 3486785212 10000001101
10000001101000011000000110100001 33185 14357899 1073824769 30518050001 470186951905 4747568115095 35184390995969 205891179983389 1000000110100001
10000001101000100100000011010001 16593 4785967 268456193 6103610001 78364491985 678224016443 4398048874497 22876797775933 100000011010001
10000001101000111000000110100011 33187 14357902 1073824773 30518050006 470186951911 4747568115102 35184390995977 205891179983398 1000000110100011
10000001101001000010000001101001 8297 1595323 67114049 1220722001 13060748665 96889145207 549756109313 2541866419549 10000001101001
10000001101001011000000110100101 33189 14357908 1073824785 30518050026 470186951941 4747568115144 35184390996033 205891179983470 1000000110100101
10000001101001100100000011010011 16595 4785970 268456197 6103610006 78364491991 678224016450 4398048874505 22876797775942 100000011010011
10000001101001111000000110100111 33191 14357911 1073824789 30518050031 470186951947 4747568115151 35184390996041 205891179983479 1000000110100111
10000001101010000001000000110101 4149 531775 16778513 244144401 2176791445 13841306459 68719513665 282429602173 1000000110101
10000001101010011000000110101001 33193 14357926 1073824833 30518050126 470186952121 4747568115438 35184390996481 205891179984118 1000000110101001
10000001101010100100000011010101 16597 4785976 268456209 6103610026 78364492021 678224016492 4398048874561 22876797776014 100000011010101
10000001101010111000000110101011 33195 14357929 1073824837 30518050131 470186952127 4747568115445 35184390996489 205891179984127 1000000110101011
10000001101011000010000001101011 8299 1595326 67114053 1220722006 13060748671 96889145214 549756109321 2541866419558 10000001101011
10000001101011011000000110101101 33197 14357935 1073824849 30518050151 470186952157 4747568115487 35184390996545 205891179984199 1000000110101101
10000001101011100100000011010111 16599 4785979 268456213 6103610031 78364492027 678224016499 4398048874569 22876797776023 100000011010111
10000001101011111000000110101111 33199 14357938 1073824853 30518050156 470186952163 4747568115494 35184390996553 205891179984208 1000000110101111
10000001101100000000100000011011 2075 177259 4194629 48828881 362798575 1977329495 8589939209 31381066909 100000011011
10000001101100011000000110110001 33201 14357980 1073825025 30518050626 470186953201 4747568117496 35184391000065 205891179989950 1000000110110001
10000001101100100100000011011001 16601 4785994 268456257 6103610126 78364492201 678224016786 4398048875009 22876797776662 100000011011001
10000001101100111000000110110011 33203 14357983 1073825029 30518050631 470186953207 4747568117503 35184391000073 205891179989959 1000000110110011
10000001101101000010000001101101 8301 1595332 67114065 1220722026 13060748701 96889145256 549756109377 2541866419630 10000001101101
10000001101101011000000110110101 33205 14357989 1073825041 30518050651 470186953237 4747568117545 35184391000129 205891179990031 1000000110110101
10000001101101100100000011011011 16603 4785997 268456261 6103610131 78364492207 678224016793 4398048875017 22876797776671 100000011011011
10000001101101111000000110110111 33207 14357992 1073825045 30518050656 470186953243 4747568117552 35184391000137 205891179990040 1000000110110111
10000001101110000001000000110111 4151 531778 16778517 244144406 2176791451 13841306466 68719513673 282429602182 1000000110111
10000001101110011000000110111001 33209 14358007 1073825089 30518050751 470186953417 4747568117839 35184391000577 205891179990679 1000000110111001
10000001101110100100000011011101 16605 4786003 268456273 6103610151 78364492237 678224016835 4398048875073 22876797776743 100000011011101
10000001101110111000000110111011 33211 14358010 1073825093 30518050756 470186953423 4747568117846 35184391000585 205891179990688 1000000110111011
10000001101111000010000001101111 8303 1595335 67114069 1220722031 13060748707 96889145263 549756109385 2541866419639 10000001101111
10000001101111011000000110111101 33213 14358016 1073825105 30518050776 470186953453 4747568117888 35184391000641 205891179990760 1000000110111101
10000001101111100100000011011111 16607 4786006 268456277 6103610156 78364492243 678224016842 4398048875081 22876797776752 100000011011111
10000001101111111000000110111111 33215 14358019 1073825109 30518050781 470186953459 4747568117895 35184391000649 205891179990769 1000000110111111
10000001110000000000001000000111 519 19696 262165 1953156 10077739 40353664 134217801 387420580 1000000111
10000001111000000111001000000111 519 19696 262165 1953156 10077739 40353664 134217801 387420580 1000000111
10000001110000011000000111000001 33217 14358385 1073827841 30518062501 470186990785 4747568215937 35184391225345 205891180455781 1000000111000001
10000001110000100100000011100001 16609 4786129 268456961 6103612501 78364498465 678224030849 4398048903169 22876797828421 100000011100001
10000001110000111000000111000011 33219 14358388 1073827845 30518062506 470186990791 4747568215944 35184391225353 205891180455790 1000000111000011
10000001110001000010000001110001 8305 1595377 67114241 1220722501 13060749745 96889147265 549756112897 2541866425381 10000001110001
10000001110001011000000111000101 33221 14358394 1073827857 30518062526 470186990821 4747568215986 35184391225409 205891180455862 1000000111000101
10000001110001100100000011100011 16611 4786132 268456965 6103612506 78364498471 678224030856 4398048903177 22876797828430 100000011100011
10000001110001111000000111000111 33223 14358397 1073827861 30518062531 470186990827 4747568215993 35184391225417 205891180455871 1000000111000111
10000001110010000001000000111001 4153 531793 16778561 244144501 2176791625 13841306753 68719514113 282429602821 1000000111001
10000001110010011000000111001001 33225 14358412 1073827905 30518062626 470186991001 4747568216280 35184391225857 205891180456510 1000000111001001
10000001110010100100000011100101 16613 4786138 268456977 6103612526 78364498501 678224030898 4398048903233 22876797828502 100000011100101
10000001110010111000000111001011 33227 14358415 1073827909 30518062631 470186991007 4747568216287 35184391225865 205891180456519 1000000111001011
10000001110011000010000001110011 8307 1595380 67114245 1220722506 13060749751 96889147272 549756112905 2541866425390 10000001110011
10000001110011011000000111001101 33229 14358421 1073827921 30518062651 470186991037 4747568216329 35184391225921 205891180456591 1000000111001101
10000001110011100100000011100111 16615 4786141 268456981 6103612531 78364498507 678224030905 4398048903241 22876797828511 100000011100111
10000001110011111000000111001111 33231 14358424 1073827925 30518062656 470186991043 4747568216336 35184391225929 205891180456600 1000000111001111
10000001110100000000100000011101 2077 177265 4194641 48828901 362798605 1977329537 8589939265 31381066981 100000011101
10000001110100011000000111010001 33233 14358466 1073828097 30518063126 470186992081 4747568218338 35184391229441 205891180462342 1000000111010001
10000001110100100100000011101001 16617 4786156 268457025 6103612626 78364498681 678224031192 4398048903681 22876797829150 100000011101001
10000001110100111000000111010011 33235 14358469 1073828101 30518063131 470186992087 4747568218345 35184391229449 205891180462351 1000000111010011
10000001110101000010000001110101 8309 1595386 67114257 1220722526 13060749781 96889147314 549756112961 2541866425462 10000001110101
10000001110101011000000111010101 33237 14358475 1073828113 30518063151 470186992117 4747568218387 35184391229505 205891180462423 1000000111010101
10000001110101100100000011101011 16619 4786159 268457029 6103612631 78364498687 678224031199 4398048903689 22876797829159 100000011101011
10000001110101111000000111010111 33239 14358478 1073828117 30518063156 470186992123 4747568218394 35184391229513 205891180462432 1000000111010111
10000001110110000001000000111011 4155 531796 16778565 244144506 2176791631 13841306760 68719514121 282429602830 1000000111011
10000001110110011000000111011001 33241 14358493 1073828161 30518063251 470186992297 4747568218681 35184391229953 205891180463071 1000000111011001
10000001110110100100000011101101 16621 4786165 268457041 6103612651 78364498717 678224031241 4398048903745 22876797829231 100000011101101
10000001110110111000000111011011 33243 14358496 1073828165 30518063256 470186992303 4747568218688 35184391229961 205891180463080 1000000111011011
10000001110111000010000001110111 8311 1595389 67114261 1220722531 13060749787 96889147321 549756112969 2541866425471 10000001110111
10000001110111011000000111011101 33245 14358502 1073828177 30518063276 470186992333 4747568218730 35184391230017 205891180463152 1000000111011101
10000001110111100100000011101111 16623 4786168 268457045 6103612656 78364498723 678224031248 4398048903753 22876797829240 100000011101111
10000001110111111000000111011111 33247 14358505 1073828181 30518063281 470186992339 4747568218737 35184391230025 205891180463161 1000000111011111
10000001111000000000010000001111 1039 59089 1048661 9765781 60466435 282475649 1073742409 3486785221 10000001111
10000001111000011000000111100001 33249 14358628 1073828865 30518065626 470186998561 4747568232744 35184391258113 205891180514830 1000000111100001
10000001111000100100000011110001 16625 4786210 268457217 6103613126 78364499761 678224033250 4398048907265 22876797834982 100000011110001
10000001111000111000000111100011 33251 14358631 1073828869 30518065631 470186998567 4747568232751 35184391258121 205891180514839 1000000111100011
10000001111001000010000001111001 8313 1595404 67114305 1220722626 13060749961 96889147608 549756113409 2541866426110 10000001111001
10000001111001011000000111100101 33253 14358637 1073828881 30518065651 470186998597 4747568232793 35184391258177 205891180514911 1000000111100101
10000001111001100100000011110011 16627 4786213 268457221 6103613131 78364499767 678224033257 4398048907273 22876797834991 100000011110011
10000001111001111000000111100111 33255 14358640 1073828885 30518065656 470186998603 4747568232800 35184391258185 205891180514920 1000000111100111
10000001111010000001000000111101 4157 531802 16778577 244144526 2176791661 13841306802 68719514177 282429602902 1000000111101
10000001111010011000000111101001 33257 14358655 1073828929 30518065751 470186998777 4747568233087 35184391258625 205891180515559 1000000111101001
