1 1
33 36 28
22 10 34 16
17 14 52 58
45 45 78 60
15 35 59 72
42 21 92 34
27 9 68 23
26 26 67 49
36 18 48 36
29 30 62 43
23 35 41 65
2 8 25 28
17 6 61 18
42 23 72 45
19 37 54 86
24 20 40 34
26 30 68 37
23 20 36 67
31 25 37 60
27 5 64 52
29 7 43 32
0 8 38 35
28 34 67 38
1 49 6 82
10 18 37 58
12 36 39 81
39 20 85 55
28 1 46 49
2 42 20 45
6 30 8 67
41 39 57 84
19 29 60 61
17 21 65 53
25 27 35 45
6 3 54 40
15 33 22 53
24 21 53 54
29 19 33 40
18 15 27 56
49 23 96 42
45 1 92 23
5 38 35 53
28 0 70 44
0 14 35 39
14 6 52 50
41 15 69 25
36 1 69 39
28 7 54 32
21 45 30 75
37 43 73 62
28 11 72 40
29 4 56 48
13 38 27 45
40 18 45 47
38 17 58 35
46 43 71 64
33 49 74 72
25 40 70 46
39 36 44 56
32 14 75 62
7 4 13 53
11 28 34 78
43 18 90 59
1 30 13 59
5 36 26 81
26 15 49 24
16 8 49 33
37 24 50 25
36 49 39 79
0 21 19 45
31 30 63 64
44 13 55 63
31 46 81 56
23 18 37 59
45 16 72 51
40 34 81 61
42 7 79 53
6 18 36 56
12 22 61 32
9 10 46 53
37 1 44 15
22 5 44 25
49 4 71 44
11 17 52 23
28 0 56 35
8 24 29 47
19 31 66 62
34 22 77 45
0 35 26 58
49 42 90 91
13 40 62 65
40 31 50 51
36 5 69 50
4 19 34 43
26 5 27 16
42 34 72 78
5 17 27 22
13 4 25 31
9 2 54 5
6 21 41 64
18 39 47 62
8 48 17 85
8 48 12 52
33 48 67 89
4 46 22 65
29 46 30 85
47 40 97 44
33 47 47 51
42 25 79 28
46 38 72 46
29 10 66 25
21 4 32 33
27 48 28 55
2 47 47 97
43 2 83 31
3 31 4 79
38 1 48 37
34 42 74 58
27 29 32 79
14 29 50 73
35 0 63 39
21 39 71 57
38 45 81 89
44 40 74 73
40 19 82 46
32 42 44 53
17 11 41 43
9 25 50 72
17 34 45 75
26 7 51 22
18 8 24 21
36 46 37 73
44 2 61 31
29 40 76 88
20 30 22 62
43 27 51 40
36 5 51 18
40 29 53 40
19 24 59 30
41 33 62 71
38 16 77 37
34 17 41 24
10 37 60 43
9 18 27 64
33 8 57 32
37 33 77 41
28 14 36 36
29 9 30 28
38 38 64 63
33 31 41 75
8 49 29 67
39 13 59 36
44 47 68 79
12 40 45 83
41 15 49 37
7 41 32 89
1 21 33 59
40 30 45 79
25 16 57 33
2 39 34 86
4 30 43 49
21 12 42 25
29 35 57 72
4 33 31 41
9 44 17 94
11 0 39 37
10 5 29 19
49 11 94 17
34 25 76 31
14 18 54 62
18 32 24 55
32 30 50 74
24 43 51 80
3 24 47 39
13 27 43 40
25 19 64 30
32 17 77 64
35 41 73 45
43 28 67 54
41 18 52 36
36 5 50 46
8 4 39 26
11 35 45 75
23 1 28 7
0 3 19 39
6 39 52 89
20 26 38 40
27 31 74 47
10 5 47 26
18 42 30 75
46 21 76 42
34 27 57 62
40 22 74 71
30 47 44 48
30 14 54 24
22 24 70 57
35 4 68 9
43 36 92 77
28 12 38 25
33 48 75 72
24 22 47 27
35 7 57 23
47 26 69 46
18 3 20 7
33 9 41 38
6 20 54 55
8 48 43 90
26 15 75 18
21 9 61 16
10 24 27 34
39 28 40 38
3 14 35 53
39 17 66 65
23 31 61 64
22 25 54 26
29 4 70 5
31 7 45 52
31 3 63 24
33 31 66 69
15 25 62 30
22 1 65 49
32 31 67 38
15 8 23 54
49 47 62 81
26 27 31 37
37 32 70 54
16 10 30 43
11 36 47 72
30 33 71 48
26 20 43 63
25 39 54 65
40 10 77 29
43 28 81 61
21 5 32 44
25 20 41 58
3 22 12 56
0 47 8 75
26 21 46 23
49 28 60 68
48 10 87 54
27 26 68 76
2 37 34 65
49 16 57 19
17 35 59 54
48 45 83 72
5 28 22 33
28 43 37 72
47 22 53 47
45 25 46 73
33 27 46 60
21 34 65 74
34 9 56 45
7 11 12 24
22 16 64 19
0 32 13 82
17 23 22 39
6 14 8 55
13 22 55 60
37 28 47 50
30 6 68 47
41 2 62 18
11 17 31 29
33 12 35 13
6 17 45 32
39 4 72 9
25 41 55 54
38 36 58 57
6 10 51 60
14 14 30 41
36 39 70 59
35 21 38 65
40 9 80 41
23 35 38 84
45 13 73 47
48 5 98 11
43 6 62 17
33 36 57 58
8 40 36 86
31 40 43 64
0 4 1 30
14 24 57 34
19 44 59 64
38 26 40 60
19 43 53 48
6 25 38 42
11 12 29 55
29 18 32 50
2 7 27 26
16 27 50 65
22 7 46 20
25 47 59 94
18 3 60 30
24 43 55 79
48 30 54 60
9 10 58 23
24 30 44 72
2 30 13 57
33 40 73 49
23 7 62 51
31 20 42 26
40 41 54 80
20 17 42 47
21 43 52 89
49 38 74 43
36 32 56 52
10 30 34 64
13 29 51 74
49 1 99 41
14 30 57 67
15 15 65 52
31 34 43 68
37 37 60 61
43 42 63 47
44 39 69 49
13 3 32 16
19 4 25 38
49 19 84 35
35 3 73 23
0 2 38 40
12 10 52 16
10 11 15 19
29 16 33 59
21 5 44 49
29 28 41 57
47 45 48 78
37 1 87 41
36 26 40 75
44 6 81 14
42 14 60 36
20 16 51 61
4 37 28 71
34 12 52 44
17 15 27 22
8 45 28 91
22 45 44 65
9 26 11 29
21 25 62 69
22 39 64 67
16 12 45 13
46 33 71 47
36 20 86 65
18 41 34 84
39 13 77 62
40 2 80 16
31 7 60 12
21 33 68 72
25 40 71 62
22 34 49 43
25 2 32 48
22 39 69 51
33 11 37 37
42 39 59 64
44 30 91 48
44 7 58 27
10 42 11 75
26 40 56 44
35 48 81 56
41 20 79 47
40 1 75 35
0 9 43 56
40 13 80 49
4 6 28 21
23 49 25 51
30 4 70 20
36 25 39 55
41 7 89 42
31 19 43 51
3 27 32 72
19 31 63 55
18 39 56 83
38 44 77 65
30 36 79 55
2 48 16 94
10 29 16 72
16 25 65 48
28 16 32 64
48 22 96 39
36 9 49 37
0 47 4 80
3 1 39 9
48 4 98 16
6 3 41 29
34 47 63 61
33 10 49 42
14 47 50 48
47 29 56 79
13 34 43 51
14 25 50 41
36 26 67 69
16 19 46 22
9 15 26 61
33 26 62 74
13 0 40 13
36 13 66 14
8 16 56 42
32 40 77 61
26 15 45 60
49 46 84 55
3 3 16 40
42 34 75 42
10 19 45 66
15 46 50 71
32 1 48 18
11 37 55 75
11 31 14 42
38 20 68 62
43 28 68 64
8 42 21 63
46 16 60 28
0 37 16 72
32 0 73 44
33 30 73 75
43 4 57 37
44 23 70 62
1 23 3 35
15 31 34 45
33 27 83 63
14 19 29 66
7 41 30 82
11 37 35 45
36 39 80 71
20 21 35 43
18 34 65 68
14 47 32 48
17 35 42 69
40 32 48 82
29 40 53 83
47 49 77 85
22 18 63 62
5 16 45 42
36 10 40 13
20 4 28 42
33 21 74 48
47 27 53 56
28 20 48 48
48 13 69 35
10 16 44 34
23 42 56 54
35 13 39 22
12 45 31 94
10 26 29 36
23 37 27 42
23 31 31 55
29 44 76 87
30 9 43 15
47 16 52 51
9 42 41 66
1 21 40 35
8 22 58 57
5 40 17 71
21 3 45 4
20 42 21 45
12 7 17 17
8 44 34 62
8 40 45 51
26 23 41 61
15 21 64 42
9 0 23 33
36 33 41 42
6 10 34 29
31 28 51 70
46 8 71 14
10 15 12 55
17 26 58 59
38 5 88 6
12 32 20 81
11 7 29 27
47 38 67 67
39 20 58 56
42 42 73 47
33 43 41 44
0 35 22 74
20 40 61 75
47 33 73 45
44 30 87 72
13 20 34 25
38 42 81 73
22 35 57 44
44 8 75 53
2 34 48 57
37 7 63 43
2 48 45 95
36 40 67 90
1 6 14 46
4 22 53 51
32 38 40 65
37 20 85 60
44 14 50 47
32 19 56 56
15 34 33 38
49 4 74 5
36 42 47 85
8 23 23 65
21 19 33 30
10 2 51 8
47 39 64 71
39 17 48 24
25 11 27 36
28 27 44 44
26 11 46 46
33 27 70 34
49 16 97 27
39 17 60 54
36 17 45 45
16 35 53 79
37 19 84 37
12 34 59 75
17 24 63 25
31 8 34 39
1 42 27 83
47 26 59 61
19 13 65 49
31 30 33 51
47 38 48 50
46 1 71 16
19 16 48 19
32 32 58 66
2 23 30 73
40 35 42 46
46 47 96 77
2 49 31 99
28 13 68 40
13 40 30 75
44 36 54 63
34 9 56 48
0 39 35 80
35 0 61 32
26 12 27 41
28 29 43 38
3 34 48 54
11 5 39 13
36 34 79 57
15 10 61 26
32 7 82 25
26 1 35 4
10 32 24 71
27 46 42 80
8 4 39 24
7 27 17 73
1 17 15 36
10 35 40 78
31 12 75 20
3 12 17 26
28 1 75 8
10 41 60 61
31 40 77 80
4 36 24 45
32 26 37 72
33 37 48 52
7 24 9 35
14 23 53 67
34 1 61 47
25 16 70 23
39 47 46 93
26 3 61 14
40 5 73 29
48 40 94 46
46 17 63 31
4 8 45 49
18 35 30 79
5 1 7 46
10 41 12 80
35 48 83 74
31 0 38 30
1 34 44 84
10 14 12 29
43 5 66 17
33 6 76 47
46 36 56 45
10 46 39 94
25 24 70 31
0 35 26 39
19 5 41 36
24 46 44 64
44 30 48 60
46 20 83 65
45 2 54 11
36 5 85 19
44 21 75 69
7 0 16 29
29 8 37 12
29 22 37 48
10 4 13 13
40 2 67 39
35 46 42 70
4 37 6 39
33 48 44 91
19 21 20 22
8 6 40 44
38 12 67 14
33 9 52 33
45 11 60 44
22 7 30 37
11 30 56 75
7 37 36 64
28 28 39 65
41 25 76 58
15 33 55 82
8 23 53 29
10 39 46 73
44 12 91 18
43 0 86 1
20 28 60 29
49 37 56 80
41 24 56 33
4 8 14 23
4 19 36 36
18 49 29 63
6 18 20 68
5 1 26 29
11 28 41 41
36 5 54 35
33 39 63 77
39 3 87 49
30 11 55 61
34 14 46 58
26 42 61 75
7 11 54 30
25 31 67 45
10 44 47 89
17 33 53 42
32 3 70 19
13 14 31 63
30 41 61 48
14 38 50 62
31 42 34 52
45 24 71 31
13 2 35 33
6 41 42 81
24 6 69 45
11 38 32 80
2 48 32 67
16 42 55 43
42 9 77 48
11 46 47 71
6 6 55 20
35 4 83 17
44 2 55 10
32 1 73 38
21 4 71 44
39 39 86 74
32 22 33 66
36 19 55 62
18 7 45 11
25 15 39 35
25 27 45 37
9 45 40 78
31 22 32 43
46 6 60 36
14 24 43 25
48 44 93 63
22 22 27 70
17 19 57 63
9 4 58 25
28 5 29 15
0 31 30 80
42 27 81 34
18 8 23 28
48 37 52 58
7 19 19 46
3 21 44 36
38 36 65 53
26 27 68 56
22 26 32 42
49 23 54 41
8 38 41 47
37 30 64 75
39 22 41 65
42 6 87 37
22 49 66 98
36 26 65 36
37 26 40 65
8 8 58 27
31 28 78 49
24 14 33 29
12 6 52 11
35 34 51 42
10 7 46 54
14 5 48 9
37 42 71 91
33 18 34 35
46 37 96 59
9 37 13 59
42 25 86 53
10 36 23 57
47 17 91 29
28 17 53 34
8 16 18 60
9 9 46 17
35 30 82 76
2 16 20 63
13 24 56 48
6 44 17 48
6 17 20 52
39 2 74 52
43 42 62 47
5 13 10 56
2 37 47 42
11 1 18 28
48 0 76 5
39 9 86 55
11 30 38 33
12 2 45 10
3 11 50 22
0 2 28 6
21 7 62 42
48 11 59 60
37 4 51 32
11 24 25 49
42 26 47 31
39 14 68 57
25 2 53 30
4 30 9 56
46 10 87 55
0 42 24 83
38 19 85 69
12 25 56 30
48 10 50 48
32 29 57 39
2 36 36 43
37 34 55 71
9 30 56 40
19 1 45 9
23 8 44 44
14 39 48 54
36 3 39 22
26 27 59 58
17 37 34 42
33 42 55 87
17 5 43 44
0 47 8 71
27 9 35 53
42 7 43 36
2 47 13 79
44 11 71 23
42 18 91 46
21 21 32 62
37 30 67 68
36 13 66 27
36 9 61 38
24 9 41 39
27 10 36 32
34 35 58 65
24 8 28 54
15 38 48 42
11 42 30 90
0 12 6 49
31 17 53 26
38 37 65 55
34 40 84 61
22 1 50 48
32 44 43 93
42 3 75 7
2 2 50 7
5 41 20 78
38 44 49 73
38 45 72 68
34 44 72 52
15 5 62 53
6 47 56 48
33 3 36 42
0 42 6 48
21 41 57 53
45 39 84 73
23 7 60 16
26 15 29 57
0 40 21 49
22 8 61 16
40 45 52 86
18 47 59 89
25 3 67 27
29 8 74 11
33 10 50 20
20 0 48 23
0 30 41 55
30 31 69 53
49 13 79 33
19 12 31 59
4 19 22 53
12 37 41 83
46 4 47 21
29 38 36 68
46 5 65 35
8 0 46 8
18 28 34 66
28 35 69 68
8 17 14 40
35 19 43 51
7 49 31 86
29 18 69 46
7 6 31 22
12 24 21 55
26 19 31 26
46 39 52 46
12 28 21 76
15 30 63 53
22 11 52 15
18 33 50 61
6 44 48 64
2 1 23 30
26 34 50 57
30 29 56 74
34 41 44 91
9 24 33 56
2 37 38 60
16 1 37 26
11 43 57 59
17 43 65 87
22 17 53 22
7 48 54 90
8 43 48 61
12 0 30 17
4 40 42 63
9 46 51 70
38 38 81 44
39 0 72 14
14 17 32 39
16 15 32 40
6 41 15 62
25 38 67 68
31 1 60 42
19 13 67 23
41 16 44 49
36 45 53 46
35 23 50 25
29 27 68 65
46 7 65 31
12 4 58 48
25 35 33 82
5 5 55 54
3 31 27 71
39 41 66 69
41 30 56 53
5 10 14 12
26 27 46 68
15 33 47 76
39 39 59 86
20 44 67 68
20 14 46 26
4 38 10 84
21 19 41 46
27 30 57 36
49 46 57 63
38 8 70 38
2 25 52 50
46 47 69 64
47 27 59 29
18 48 35 89
37 16 56 33
49 21 96 70
5 16 25 63
1 25 29 31
26 30 30 53
25 38 55 61
43 26 62 38
36 1 63 25
44 39 65 86
18 46 31 71
32 20 46 56
40 42 88 61
0 43 23 69
4 0 38 48
1 8 30 46
4 12 17 14
32 47 34 50
16 26 60 27
8 37 57 38
48 19 78 68
4 26 17 35
47 5 76 55
8 36 22 51
27 15 29 25
4 12 19 33
10 20 51 39
41 21 49 61
39 39 80 83
4 3 22 5
47 2 56 8
23 22 65 24
42 12 82 59
4 19 31 36
19 34 59 45
49 1 55 42
47 33 90 37
12 7 51 19
46 19 58 41
2 24 44 71
30 43 68 80
15 2 28 37
3 46 43 51
46 44 94 91
42 49 72 56
17 17 26 33
22 37 59 62
27 21 39 30
0 46 17 63
30 0 80 36
38 40 86 75
46 30 83 71
16 46 49 82
42 1 57 16
2 41 43 72
3 40 18 45
30 22 67 35
37 47 60 73
21 10 61 31
26 10 69 53
24 29 34 49
25 33 56 61
20 9 45 34
38 30 88 51
38 32 41 58
26 1 59 50
21 20 35 68
7 41 40 76
41 3 63 20
3 46 42 73
13 2 19 6
7 26 40 72
36 20 45 33
42 12 66 27
38 13 71 62
15 32 23 41
28 27 66 61
25 9 49 50
28 46 40 82
45 32 68 64
32 46 38 72
28 39 37 59
43 17 48 28
11 20 13 62
38 25 86 39
20 6 57 8
48 38 51 84
24 29 48 36
28 31 54 40
35 29 58 60
27 40 74 81
47 32 61 70
10 1 18 35
43 36 51 80
9 39 36 75
49 41 68 69
45 38 69 69
47 13 65 38
16 15 22 31
18 3 68 33
6 14 13 16
15 47 16 74
26 11 65 38
8 5 11 9
27 35 71 61
11 1 60 29
6 42 25 67
17 3 65 27
3 27 21 46
19 44 46 91
14 24 20 47
10 27 40 65
25 14 40 51
15 15 32 37
34 45 44 48
7 27 9 38
20 31 27 72
32 38 58 85
33 20 46 64
41 32 91 49
16 4 64 36
13 4 35 54
31 1 33 42
2 2 34 28
37 15 71 36
11 18 17 65
17 39 59 50
42 29 66 38
20 41 54 77
7 37 55 78
49 30 88 34
21 28 56 38
20 31 66 65
0 29 2 49
42 30 63 68
43 47 53 64
44 3 84 7
38 43 79 81
31 41 57 44
12 13 34 46
17 15 62 35
46 39 91 80
14 27 36 37
30 25 56 52
16 30 48 35
21 42 47 47
3 7 39 23
6 47 29 73
17 45 32 59
8 3 45 28
7 33 39 73
8 17 20 42
42 28 92 44
25 22 48 53
7 45 39 62
3 41 46 62
8 35 47 52
24 42 64 76
22 22 50 55
38 6 81 39
41 0 78 19
9 48 32 67
5 34 51 43
39 29 68 77
16 15 31 59
5 26 13 56
35 11 37 37
45 10 65 47
6 7 19 25
36 35 44 77
3 49 26 92
0 40 31 59
47 11 53 16
15 34 56 35
43 27 91 66
17 24 55 48
1 40 35 78
41 28 69 75
1 38 32 42
10 22 41 32
36 14 72 18
27 5 28 26
47 8 80 23
22 37 58 61
18 11 48 23
9 7 49 18
19 16 66 49
28 41 67 58
25 19 33 23
7 25 32 31
7 19 42 51
19 4 29 44
40 1 56 3
7 12 16 41
6 10 35 46
18 1 23 47
11 0 33 20
45 26 72 31
12 35 58 67
6 20 47 70
7 0 31 17
32 45 47 86
42 25 50 38
13 10 43 38
0 46 11 94
38 4 63 5
21 31 61 60
31 29 36 71
27 7 57 19
44 2 49 41
14 3 44 33
8 6 22 17
25 10 30 25
28 14 43 15
3 30 52 68
4 28 14 62
38 45 76 80
44 23 94 32
28 37 57 77
41 49 88 68
0 32 10 62
23 29 73 59
47 16 57 20
20 36 67 45
33 45 67 73
32 37 53 51
48 2 76 44
23 9 27 35
13 4 56 43
43 19 79 62
46 45 84 62
33 27 65 47
15 48 38 98
42 12 81 53
15 31 30 72
20 15 63 49
36 23 59 53
7 21 53 26
32 22 51 41
2 39 52 59
21 18 61 34
27 5 61 50
49 34 88 54
33 4 36 24
24 49 53 83
23 39 46 47
43 25 56 71
13 14 30 52
6 2 41 36
17 30 28 48
0 36 17 70
18 3 60 48
21 28 26 75
28 5 46 27
29 18 63 62
49 32 84 38
19 41 54 80
44 7 66 55
39 30 84 39
37 4 73 15
39 8 72 29
0 41 14 73
46 26 59 73
46 3 55 21
45 6 90 48
17 38 31 48
9 19 29 68
6 8 30 57
6 18 23 27
32 41 44 70
23 26 42 47
28 37 59 61
26 15 72 62
9 5 13 26
24 19 49 53
47 31 75 37
46 13 96 42
10 8 18 45
25 8 61 12
15 29 63 71
43 37 88 42
49 24 94 51
18 9 64 28
25 23 68 45
41 1 81 5
46 41 56 65
44 28 94 40
47 3 57 44
3 46 46 52
39 33 62 41
18 27 63 71
36 16 40 46
42 32 60 73
28 15 53 39
25 34 71 57
5 14 45 25
34 15 45 39
35 32 36 36
44 46 55 79
13 11 26 19
31 49 76 59
20 34 37 80
11 20 33 37
12 27 49 74
49 21 94 56
45 37 52 79
16 24 52 56
49 40 87 71
31 41 73 45
7 1 34 20
47 37 71 49
9 10 24 19
10 44 42 52
37 49 71 55
18 38 44 56
12 49 41 96
19 1 61 30
19 47 24 66
27 29 62 69
0 49 40 60
23 18 68 31
27 20 47 67
46 15 55 26
39 6 57 17
8 39 19 69
14 47 53 90
24 31 53 56
18 36 49 80
26 5 33 10
27 2 55 28
36 36 56 64
36 37 81 82
4 23 31 43
16 13 39 54
1 16 48 38
28 14 34 20
11 11 33 53
49 16 63 54
32 14 37 36
49 15 51 21
30 26 72 73
15 37 55 54
37 39 41 56
8 23 14 46
27 15 64 44
1 15 35 49
38 6 68 46
32 44 55 57
15 9 37 42
12 1 59 2
1 18 42 31
46 36 90 62
29 3 33 34
36 15 55 42
49 15 72 47
46 44 57 58
31 45 37 89
3 45 50 50
39 18 53 54
8 10 15 48
9 17 25 64
33 22 67 57
7 15 46 19
0 16 10 50
14 28 26 48
10 24 35 74
39 34 84 83
1 35 48 46
11 8 17 55
40 30 72 78
21 0 69 24
9 6 28 32
31 45 66 87
10 40 30 41
15 0 42 17
24 27 60 65
42 33 80 66
18 29 34 71
13 14 45 37
49 49 70 81
7 22 52 40
15 17 31 49
43 47 61 66
5 5 32 53
14 32 56 67
6 28 18 50
45 45 88 90
15 27 61 50
39 39 42 45
17 36 27 47
28 30 64 66
14 35 51 66
27 14 45 50
30 9 73 35
37 22 42 25
1 26 51 68
1 48 19 69
26 33 63 41
21 42 35 80
1 17 31 48
46 16 79 44
26 4 54 18
31 17 58 53
28 28 72 60
11 4 38 44
12 46 50 82
2 25 44 30
20 34 63 52
24 46 27 50
29 16 30 30
29 48 66 56
29 38 56 79
4 30 47 49
31 5 60 40
19 40 50 83
23 9 50 59
31 2 39 13
9 25 31 64
7 45 31 84
1 31 38 37
30 23 44 36
41 48 71 62
9 5 50 38
16 34 33 82
23 10 60 45
9 23 45 42
11 7 32 20
8 18 47 58
1 3 45 48
24 9 26 44
43 18 58 28
32 9 35 17
41 42 61 45
6 21 22 39
37 32 68 79
18 35 21 57
45 17 86 38
41 6 69 43
43 45 70 72
29 35 36 58
27 24 55 61
44 3 92 36
27 30 65 78
39 20 55 58
5 9 44 58
17 34 33 47
41 40 73 63
40 46 67 64
5 5 27 6
18 34 28 83
48 45 63 84
31 27 48 66
6 38 43 64
3 37 28 84
7 19 36 67
4 17 22 29
38 11 61 21
33 7 81 40
13 22 18 67
20 34 22 63
37 3 60 46
46 38 88 43
21 1 31 29
27 38 48 56
43 28 46 57
49 10 85 26
42 9 77 24
35 43 82 68
18 16 67 32
41 21 49 34
18 41 43 87
45 15 76 56
32 18 76 52
31 48 63 72
17 39 28 43
6 27 39 52
31 41 78 66
3 37 18 61
39 21 68 58
10 26 47 69
31 28 78 43
29 39 56 87
36 2 66 47
11 19 43 64
27 19 40 52
27 6 36 25
38 4 66 54
15 43 48 90
30 11 54 22
0 9 1 48
29 33 41 77
44 39 49 64
18 6 29 54
18 15 33 25
43 8 63 19
1 9 5 44
27 46 50 76
24 19 30 24
18 49 23 62
10 36 51 66
1 26 47 46
11 30 54 38
13 17 54 35
44 1 73 25
0 2 48 28
2 31 26 54
28 36 59 75
20 17 44 39
20 43 67 77
40 40 66 44
16 20 27 33
38 35 62 75
20 16 60 41
12 46 60 87
27 31 63 81
10 23 11 54
46 15 65 52
43 42 50 54
18 23 33 32
38 49 47 58
49 35 65 50
12 4 46 46
18 43 56 72
38 10 55 45
36 23 63 55
34 43 50 46
29 10 46 28
27 28 40 55
27 40 41 81
48 31 96 49
34 45 59 70
42 9 51 40
34 12 69 31
49 22 57 53
23 0 58 3
46 31 77 56
45 16 69 60
22 10 70 18
24 31 33 50
16 49 59 52
26 22 40 50
20 10 65 56
28 0 39 28
40 3 72 41
4 30 24 58
18 36 62 81
3 13 23 35
14 23 29 66
29 20 75 22
41 48 72 70
42 48 91 83
29 21 31 58
22 15 26 57
46 35 50 85
24 22 25 61
14 31 60 75
42 46 46 80
35 7 81 35
43 11 49 37
9 13 44 45
37 24 66 61
33 37 44 45
10 46 21 74
7 22 37 25
34 37 54 57
14 48 59 56
2 32 14 44
45 44 91 79
25 20 45 29
29 18 38 60
20 18 35 46
45 29 87 59
12 0 30 27
11 33 60 49
9 26 28 31
15 40 39 84
42 3 54 27
19 16 41 56
37 18 73 51
28 13 77 54
17 18 31 49
13 46 17 69
21 28 46 68
47 32 67 72
32 14 70 16
9 42 41 89
18 31 31 80
12 40 57 70
10 12 19 38
13 48 24 84
34 26 63 59
49 23 60 55
47 34 88 41
23 3 52 45
41 41 78 45
32 35 64 80
41 20 89 25
7 41 28 85
48 25 68 74
29 29 31 57
43 35 60 52
44 7 85 43
26 39 27 49
33 3 60 30
23 32 47 65
43 25 68 70
43 44 47 70
6 4 32 54
41 15 81 52
30 21 55 30
24 19 37 29
38 35 62 49
48 45 66 90
43 40 67 78
28 14 63 49
9 35 28 37
7 37 10 77
26 48 37 51
23 11 43 23
42 25 91 69
15 39 38 49
47 48 77 74
15 11 28 36
32 27 79 67
48 31 65 58
27 30 59 31
0 13 44 59
41 40 82 50
15 18 45 31
10 40 29 66
30 1 32 14
48 3 80 52
47 27 84 52
17 26 25 47
1 15 44 60
32 3 38 53
36 12 60 61
41 25 44 49
5 37 34 41
9 4 51 12
27 33 59 81
40 17 51 61
2 40 37 77
41 36 85 64
17 25 18 36
4 34 7 44
30 15 52 56
14 49 36 94
4 41 37 86
42 40 53 87
44 35 75 71
25 14 49 57
23 5 65 33
43 38 83 62
10 15 14 43
26 21 41 52
47 25 60 67
22 40 40 59
47 3 73 26
48 17 68 41
10 2 33 8
13 28 54 54
46 2 93 25
10 3 34 11
37 1 68 13
47 29 89 76
16 20 51 37
3 39 43 55
13 20 55 47
31 4 33 34
47 2 54 10
32 17 40 37
39 31 58 68
9 34 20 62
47 43 52 44
44 18 77 26
23 36 62 43
41 36 82 75
46 48 87 77
47 0 63 39
33 26 65 71
43 21 54 62
16 43 31 54
48 20 60 42
1 29 10 73
48 31 64 78
7 27 37 34
46 44 74 76
10 25 31 29
30 44 79 94
14 11 54 24
0 35 32 39
39 46 55 86
32 36 63 79
11 48 25 57
42 41 86 44
15 5 33 54
17 47 19 82
40 46 49 89
42 46 77 80
1 23 46 59
24 27 34 64
24 46 51 63
21 18 61 55
8 36 32 63
27 10 61 28
44 12 53 49
42 19 51 65
2 31 45 61
3 17 12 45
36 45 52 53
4 46 18 60
39 39 72 56
18 35 20 48
9 0 59 5
7 49 27 62
14 41 45 61
41 49 52 77
25 37 70 67
10 42 46 92
19 17 53 55
34 1 39 48
4 0 6 14
23 25 25 63
34 6 53 32
28 4 34 8
2 35 44 48
26 11 54 60
13 35 44 83
36 45 76 86
40 6 86 20
47 2 81 34
2 8 12 41
16 38 29 57
4 30 28 63
2 32 46 48
25 15 44 30
7 6 18 56
6 15 19 21
46 38 64 39
26 32 73 78
10 15 31 32
43 1 92 48
43 11 77 33
1 35 30 46
39 12 81 60
4 2 32 3
44 0 87 24
40 20 75 21
5 17 41 18
33 46 52 76
1 0 12 6
38 17 74 47
26 26 56 59
8 34 37 38
22 28 59 41
21 13 70 40
35 28 66 50
48 0 74 2
37 6 38 34
37 7 64 23
5 48 39 65
14 19 47 56
19 49 69 92
49 20 62 55
44 5 93 50
25 45 33 58
7 42 12 89
30 12 80 50
34 3 45 52
44 37 69 53
23 7 62 30
2 9 30 56
26 42 41 44
24 16 62 50
43 30 52 54
9 13 52 57
4 44 21 93
41 16 73 33
19 41 43 65
3 19 4 51
16 34 30 75
0 24 1 71
10 21 15 41
48 15 83 18
1 2 11 47
42 10 61 24
44 36 48 84
3 28 11 49
20 12 33 35
15 18 52 44
42 47 85 88
26 44 39 74
23 25 71 43
17 30 56 42
41 10 60 56
25 17 66 65
3 19 33 40
16 47 57 56
32 1 79 12
10 40 56 74
44 0 62 13
5 25 38 73
0 44 37 72
26 24 38 56
40 3 85 12
36 19 38 38
49 28 70 39
15 45 36 56
38 22 85 68
30 42 80 74
37 10 76 27
49 47 85 90
31 2 35 20
6 37 28 43
41 15 57 23
38 17 50 46
9 23 51 63
42 22 61 53
6 46 42 55
20 2 66 4
48 20 53 25
26 12 34 30
22 26 50 39
40 40 86 42
38 43 55 75
34 11 50 54
0 2 8 25
4 25 9 29
9 9 55 47
2 4 24 32
1 41 35 85
28 45 61 63
0 48 39 83
5 28 17 37
20 30 52 55
37 29 44 76
3 35 43 44
12 35 53 51
25 9 52 13
10 22 15 33
42 46 63 94
33 5 61 9
8 28 47 74
46 44 56 94
48 7 78 21
21 28 66 75
23 2 63 36
43 46 68 84
47 37 92 68
21 34 66 64
32 27 47 56
23 30 47 55
4 37 44 64
34 24 52 32
7 42 34 45
3 40 44 41
35 30 63 37
21 38 38 45
30 36 48 43
40 30 59 75
8 22 28 67
38 3 86 49
25 0 73 29
38 30 81 54
19 31 33 74
29 0 49 11
36 16 76 45
7 23 56 39
17 11 65 17
46 3 61 26
12 2 18 3
47 25 83 44
48 12 55 40
28 39 42 56
2 45 10 57
5 27 26 52
17 32 58 47
5 38 43 56
42 19 85 61
27 9 74 35
2 5 26 38
36 49 81 90
4 2 49 12
14 36 46 70
21 47 42 76
7 47 45 49
30 44 49 52
14 35 18 55
26 1 67 17
36 7 39 48
46 2 58 15
44 46 83 65
10 46 56 66
33 20 80 36
14 22 31 52
19 48 29 96
1 14 3 53
4 28 27 31
35 15 68 46
22 48 36 81
10 1 57 47
42 10 66 18
39 36 75 47
44 10 81 57
39 36 64 80
48 48 65 83
49 16 63 38
28 6 43 45
10 34 18 40
33 12 78 35
31 35 32 62
38 24 84 52
21 23 32 44
26 6 50 32
36 49 59 66
38 6 44 7
14 5 57 53
39 22 59 43
21 46 29 56
4 39 25 65
32 47 47 57
37 34 43 60
29 43 63 61
40 20 90 26
42 2 68 36
47 3 74 22
33 30 36 70
24 17 44 25
35 16 50 39
22 49 25 51
38 21 81 50
41 35 83 71
18 18 57 34
14 36 37 37
26 41 43 42
37 7 46 30
25 44 51 92
28 0 72 17
35 46 57 75
12 14 45 46
22 48 57 87
8 40 43 75
2 35 35 75
42 11 87 29
20 16 28 65
2 16 20 56
40 18 55 22
46 36 81 57
18 9 55 37
23 13 25 39
33 15 82 42
43 45 70 59
34 13 49 52
31 28 61 50
45 26 92 71
30 14 45 15
3 29 29 56
27 3 71 16
43 40 62 77
47 1 84 35
0 21 15 55
45 6 95 50
45 37 81 65
1 30 3 35
29 32 41 41
4 20 41 21
4 36 16 40
49 36 90 38
6 36 15 41
9 47 54 55
29 36 64 70
37 39 54 58
28 26 51 61
8 34 56 49
10 20 34 32
15 14 22 36
16 27 19 54
46 35 73 64
12 11 34 12
40 20 43 41
24 4 72 39
46 1 88 8
16 19 38 51
29 4 63 51
35 24 68 58
8 11 18 33
32 23 57 46
27 42 71 46
42 38 90 77
40 44 82 51
12 39 28 81
48 39 92 75
27 19 43 56
26 9 59 19
7 31 42 68
27 39 54 62
25 10 53 26
18 23 26 56
22 26 35 50
7 8 25 44
33 23 63 35
14 20 47 42
16 9 21 55
30 17 79 23
28 22 57 71
37 31 83 41
9 34 19 51
26 1 72 11
24 21 49 60
6 11 50 36
49 22 70 52
21 36 63 86
21 47 30 56
5 18 36 33
39 31 42 48
47 27 80 52
9 14 10 32
46 42 75 88
0 25 17 47
7 22 21 52
24 37 45 67
2 46 10 89
12 8 40 18
11 35 49 56
38 40 41 75
30 29 63 60
0 4 7 12
22 36 49 83
48 27 73 29
31 45 55 89
0 5 6 20
42 36 85 69
44 18 71 43
10 7 11 18
6 18 18 49
39 26 46 65
30 41 35 56
27 9 66 40
43 46 60 82
9 20 42 24
11 30 50 52
38 34 78 82
0 27 5 69
10 31 15 73
10 7 35 47
12 19 29 25
35 43 51 88
0 49 14 61
3 32 35 75
20 41 39 64
22 16 41 50
24 26 72 63
22 26 56 61
1 42 47 79
13 32 51 46
0 24 35 30
17 49 26 88
27 12 68 14
9 34 38 70
28 22 39 23
45 36 94 84
45 35 76 44
17 23 38 43
6 25 54 49
8 13 33 51
15 38 42 65
6 13 30 48
35 36 71 68
35 30 61 62
5 41 23 65
37 44 53 90
12 19 32 42
46 9 79 23
10 39 59 57
23 3 26 12
40 39 81 65
17 6 37 29
37 47 86 74
15 22 60 50
13 2 57 14
25 24 37 63
11 7 25 42
18 43 31 54
4 35 39 57
6 46 51 90
44 21 88 31
39 38 85 42
38 14 79 31
4 4 46 20
4 0 18 25
25 34 71 65
29 1 52 37
16 30 64 43
43 21 48 54
49 37 61 76
2 6 7 15
45 23 58 25
25 28 51 31
20 32 35 33
36 37 73 42
35 16 54 47
22 15 62 39
1 13 6 19
8 13 28 19
31 9 70 18
14 13 54 48
3 36 49 77
33 46 58 68
44 1 58 20
4 43 23 49
23 12 31 46
28 41 56 54
16 20 17 51
39 16 73 61
31 34 37 51
29 37 61 63
46 45 88 46
9 8 48 41
45 16 68 41
0 36 8 55
9 0 18 1
44 44 61 72
23 43 55 46
14 29 46 42
22 12 47 44
13 16 36 25
45 34 80 82
43 15 66 18
31 4 47 32
33 4 82 12
31 11 79 57
30 9 72 14
17 38 40 69
46 41 51 85
40 40 68 74
0 37 6 71
22 10 64 19
41 17 58 43
15 22 46 69
23 0 56 42
6 23 47 26
46 46 61 83
44 19 81 64
44 29 51 48
49 28 89 72
5 18 51 39
28 18 71 20
24 42 46 73
11 33 30 42
34 44 66 73
17 22 34 36
24 34 28 61
42 21 55 71
10 22 52 61
33 39 76 48
13 38 48 66
4 37 28 76
4 17 38 42
1 39 43 66
45 4 69 44
36 41 62 88
16 36 30 86
7 7 35 31
11 0 60 16
21 6 61 35
22 4 46 31
16 2 60 14
17 3 24 7
31 1 76 49
9 48 49 65
16 39 23 70
6 47 48 77
32 7 36 15
28 33 40 79
5 8 43 33
43 29 55 56
5 25 36 42
21 33 45 71
31 19 56 57
18 17 36 20
22 9 47 11
38 48 81 94
29 19 36 44
18 2 67 28
30 42 58 44
1 40 29 75
3 22 14 46
29 26 69 28
15 4 51 10
30 0 33 12
9 38 29 68
17 6 58 56
18 0 19 22
27 5 69 39
3 6 33 39
20 33 53 72
20 43 59 46
42 13 89 15
17 32 19 68
44 36 84 49
39 35 77 55
30 2 73 36
22 15 33 60
45 32 46 50
40 19 69 53
24 36 59 78
38 28 58 61
10 46 26 48
4 20 36 55
25 19 50 67
35 44 70 77
36 49 63 77
4 12 23 43
4 22 5 65
19 26 22 58
17 33 40 55
5 7 11 39
30 30 57 48
12 49 37 99
1 28 2 36
18 38 61 63
42 17 55 32
14 45 58 80
16 7 47 31
36 4 52 23
43 35 79 42
11 7 48 22
36 22 74 29
29 30 42 52
24 37 74 78
43 24 79 36
15 36 48 40
49 21 91 64
28 48 37 88
46 4 54 39
44 42 73 66
40 47 64 64
24 6 61 24
21 30 53 70
15 42 33 57
10 6 27 47
26 29 34 55
16 9 52 21
15 36 18 42
27 23 63 25
22 21 53 65
13 34 17 63
22 42 52 77
45 24 46 48
9 48 16 75
41 37 52 45
14 14 40 56
11 44 50 78
18 28 34 62
21 11 35 55
44 28 50 68
7 14 10 32
10 45 26 48
27 11 62 53
9 34 35 57
15 5 44 41
46 18 83 36
1 12 31 58
36 36 79 81
47 13 50 21
17 9 26 54
42 35 65 39
48 26 70 42
0 1 34 48
19 15 39 38
1 17 31 55
22 33 28 53
8 26 55 52
4 22 43 71
10 4 20 15
31 26 62 58
13 29 41 65
48 7 95 57
25 37 53 85
32 18 53 59
17 18 65 42
35 24 76 72
49 10 78 43
10 15 49 41
15 10 62 26
42 15 63 36
47 17 50 49
24 24 63 68
35 19 78 40
34 19 78 55
23 18 53 52
17 8 51 43
30 0 52 23
41 44 57 85
19 23 34 67
2 39 50 77
41 9 50 35
1 11 32 38
10 9 40 39
14 14 34 59
40 19 57 53
33 25 47 28
27 47 77 79
48 18 85 59
44 15 74 63
10 23 39 44
7 1 40 24
4 18 20 63
33 30 71 47
3 20 9 53
6 14 25 20
6 45 41 47
14 0 27 25
41 46 66 47
8 24 56 37
15 9 59 58
32 17 74 55
48 20 86 26
7 10 42 25
18 17 26 52
19 8 37 21
43 13 50 16
6 16 44 38
30 21 58 37
20 2 59 22
28 24 51 60
8 49 45 77
43 11 60 26
36 27 59 57
28 33 69 70
27 7 30 18
31 25 63 28
21 21 49 71
0 35 48 46
33 37 70 64
5 40 7 82
25 20 45 26
9 42 16 82
8 49 10 89
32 41 57 48
3 5 18 11
11 16 54 61
31 22 37 59
6 27 22 61
34 39 84 86
7 35 39 51
32 7 67 25
10 23 59 39
15 21 46 48
25 23 65 30
44 42 90 46
12 36 34 86
22 45 50 76
8 47 39 91
16 10 21 39
5 43 41 64
15 48 32 91
7 48 29 53
19 7 62 39
15 30 61 69
23 20 49 52
7 26 27 50
24 3 63 35
23 3 73 45
17 33 19 59
23 29 56 72
26 23 65 66
33 32 40 41
31 42 36 84
23 14 42 64
7 32 28 63
19 23 55 62
37 15 45 26
41 4 86 22
34 11 62 30
35 26 81 44
49 8 70 34
39 24 64 71
46 28 56 46
44 6 49 38
11 43 33 48
18 23 66 26
27 22 63 35
30 29 32 62
21 7 61 18
16 8 50 21
42 30 82 68
43 20 80 27
9 12 24 40
11 30 47 69
22 1 27 7
5 37 38 65
24 39 69 80
29 2 78 27
39 11 72 46
20 40 54 71
47 9 50 21
39 49 81 62
46 17 49 19
35 30 40 42
0 1 21 33
20 5 24 15
38 43 57 54
2 42 38 92
39 12 44 41
45 40 58 82
16 45 24 49
13 14 39 30
47 47 63 67
21 28 24 40
21 21 45 45
10 24 27 74
20 30 58 46
1 9 22 27
30 23 37 69
33 11 71 43
3 0 12 27
10 37 42 71
6 8 17 28
26 20 60 69
22 16 23 40
23 42 49 48
31 0 47 15
5 47 19 58
23 36 24 73
33 19 59 59
35 8 64 23
13 14 45 50
31 10 62 15
5 11 10 50
20 5 33 33
27 37 30 39
2 37 26 73
48 27 55 63
36 1 74 51
18 36 35 39
46 8 93 13
1 42 22 66
34 0 84 12
2 12 42 19
12 44 62 57
8 47 32 92
12 44 62 78
17 35 48 49
29 19 73 52
13 7 28 55
13 11 23 29
48 24 72 35
25 24 46 58
45 29 67 37
22 40 48 80
6 5 34 43
21 19 46 56
38 36 67 41
37 21 85 57
22 47 70 95
17 32 39 47
44 24 57 44
39 8 54 54
42 34 58 50
42 1 48 34
33 36 71 57
36 7 45 17
5 8 10 34
27 39 71 62
5 41 21 88
30 42 32 67
19 39 48 51
34 45 77 63
30 40 63 59
40 27 88 75
4 22 41 56
29 7 44 44
29 32 78 44
2 37 29 61
5 36 32 78
21 8 53 12
13 21 62 27
46 5 96 8
37 35 67 54
43 6 87 32
43 38 84 86
17 20 44 45
4 15 11 43
40 30 66 36
24 11 27 34
1 26 18 67
45 8 57 50
6 18 23 19
6 49 15 75
36 49 57 93
28 20 45 41
44 26 46 45
3 42 43 49
7 48 28 53
31 45 40 86
24 40 40 71
26 6 66 19
11 5 19 48
26 12 55 33
29 40 70 75
29 40 62 77
2 41 41 77
48 25 87 48
6 2 24 35
9 46 20 67
20 14 23 61
30 16 60 28
19 45 26 95
40 37 78 82
27 29 56 55
19 47 27 73
24 7 26 41
12 6 18 39
9 30 32 72
1 2 48 24
4 22 52 67
34 38 44 50
38 38 58 48
26 34 62 38
37 36 81 38
48 35 93 44
17 49 33 68
11 41 16 57
3 11 17 50
23 1 73 15
18 22 59 70
27 0 36 15
1 17 40 19
33 11 36 14
17 20 29 51
17 47 32 68
27 10 36 13
9 17 22 48
4 27 44 61
49 0 79 1
17 4 35 7
22 4 38 46
28 22 56 68
41 16 63 37
32 23 59 67
40 23 81 70
32 30 35 62
31 34 62 36
47 3 86 25
3 13 14 46
37 27 75 56
10 48 54 91
22 36 46 49
14 9 26 58
14 29 54 77
21 48 35 69
1 42 6 50
14 39 20 41
42 31 61 34
14 47 46 84
5 0 41 22
46 19 56 30
0 10 49 32
14 42 23 60
12 24 49 53
41 29 57 65
36 39 49 40
44 38 83 88
23 22 62 43
0 32 42 35
41 26 84 34
1 25 22 41
6 44 56 92
17 34 43 38
38 3 64 36
14 33 58 71
33 7 39 43
48 38 89 80
32 49 47 85
36 3 61 46
25 41 73 84
24 47 50 60
0 44 3 59
45 4 75 36
36 16 48 51
3 26 8 65
20 25 48 32
1 0 30 29
27 23 69 26
18 14 39 34
23 35 35 56
40 1 82 29
5 13 24 22
24 48 66 96
18 5 43 27
2 0 9 31
49 32 73 51
45 39 94 60
9 41 36 44
18 31 63 55
14 33 59 73
36 38 69 45
8 28 52 41
1 42 32 44
5 19 32 20
27 21 38 58
36 38 51 43
10 29 30 55
16 16 32 21
47 10 52 18
49 19 90 21
20 2 35 28
42 28 66 48
33 6 35 28
17 28 64 56
18 4 26 39
22 40 43 62
26 28 27 57
41 29 42 43
14 41 48 50
8 28 28 72
20 14 57 54
32 16 75 19
0 38 22 63
43 48 72 71
29 0 56 23
28 37 60 82
14 3 43 28
49 17 81 39
17 10 49 12
24 6 52 33
0 2 45 48
23 19 24 22
29 26 49 34
2 2 16 19
44 42 50 86
38 15 48 23
41 10 69 28
4 43 21 50
11 4 57 39
48 38 72 66
43 34 60 82
31 14 70 40
45 21 54 55
18 42 57 52
15 26 19 49
21 30 43 63
18 18 53 35
8 43 17 47
24 0 55 7
18 33 35 48
25 49 30 93
42 4 85 15
47 32 80 51
5 3 18 27
47 42 69 50
30 10 68 17
17 12 30 49
29 2 76 9
2 49 6 97
45 7 51 52
37 15 79 58
3 17 22 20
41 9 51 33
47 30 69 47
36 4 81 20
40 23 47 69
10 42 35 50
29 4 31 23
42 10 62 56
37 0 67 29
41 4 53 45
35 6 70 28
28 38 40 60
19 16 31 48
35 39 46 56
11 34 55 38
14 0 61 2
25 31 26 50
12 8 48 58
19 20 37 21
28 21 39 71
21 31 61 40
49 24 72 35
17 13 26 45
4 34 18 66
16 0 32 31
3 29 12 54
25 24 75 30
11 7 59 40
36 42 75 78
12 45 29 77
26 14 37 45
24 11 73 54
15 22 27 41
22 45 24 95
2 5 22 19
17 47 32 51
4 41 44 58
5 49 44 81
49 13 63 39
13 17 40 46
40 49 80 62
42 13 89 58
15 9 36 44
34 38 41 77
45 6 77 9
19 35 25 54
18 45 19 79
26 14 41 33
3 30 19 78
11 41 58 68
16 11 17 13
8 41 10 47
34 9 83 13
3 24 48 49
46 7 66 33
34 43 58 83
38 37 65 87
22 28 53 69
33 41 75 83
42 47 78 74
33 31 40 70
3 12 9 62
27 26 50 40
45 2 66 37
46 35 88 56
22 10 36 16
4 48 9 95
39 24 85 47
4 10 11 18
13 8 39 49
49 3 85 48
7 30 16 34
49 23 66 47
29 30 65 65
39 32 69 61
26 2 36 33
17 39 33 70
40 23 41 63
37 35 66 80
36 49 53 88
32 13 57 25
9 47 56 97
25 29 58 33
41 34 74 43
47 40 73 80
25 30 41 43
44 8 60 41
31 22 39 38
31 29 68 73
32 42 59 52
8 14 30 16
5 9 6 14
26 43 29 47
17 18 41 32
41 46 68 69
34 40 55 58
6 10 26 51
47 1 52 10
28 9 45 43
16 38 38 83
23 48 57 91
9 6 26 7
42 24 47 53
24 48 39 82
33 25 42 59
13 41 41 85
45 26 46 40
21 8 38 55
2 41 11 53
24 11 72 30
3 49 39 77
0 10 48 46
7 18 46 41
15 15 27 28
12 25 57 61
12 34 48 49
43 25 69 45
24 40 61 68
24 4 64 31
38 13 56 59
5 20 40 43
45 36 81 44
31 45 45 90
49 8 79 53
4 16 41 47
24 7 31 56
45 26 59 62
32 30 73 70
24 13 27 33
38 29 88 51
13 15 40 30
5 10 32 22
12 41 39 80
32 39 33 69
13 14 29 61
7 35 55 67
49 3 99 43
0 11 35 27
12 31 41 49
6 30 49 51
18 9 42 13
23 34 72 71
13 34 63 58
48 6 71 56
23 41 33 65
45 41 50 49
32 26 55 68
14 11 23 47
31 40 52 45
18 43 43 78
25 7 55 31
1 25 15 52
25 2 42 25
22 32 66 39
15 47 26 80
19 19 29 22
29 9 39 10
33 34 38 44
33 34 77 72
8 13 20 49
29 8 45 10
8 8 51 35
2 8 8 32
14 26 42 73
38 46 74 68
41 32 74 57
25 11 45 47
30 21 58 34
42 13 74 17
23 29 45 57
29 1 69 45
18 39 48 46
16 29 54 37
19 33 32 80
33 32 81 48
24 27 30 46
38 21 80 33
14 40 17 84
43 39 87 51
22 17 53 58
18 47 66 87
11 36 45 81
30 11 51 16
27 22 67 38
32 28 79 75
0 40 21 85
14 7 46 46
11 29 37 61
24 21 53 59
11 31 21 75
31 47 74 56
33 25 56 41
18 12 22 33
25 14 30 54
37 30 60 79
49 30 59 56
39 12 41 16
12 46 58 90
39 1 86 25
18 40 45 79
31 10 36 17
10 48 38 96
1 46 30 47
39 27 68 58
31 33 71 77
36 36 69 62
30 0 68 49
15 38 57 87
47 6 96 15
25 5 32 34
34 28 38 54
31 6 39 19
48 5 90 40
23 12 65 16
30 3 45 51
7 47 51 53
44 13 51 35
12 0 33 50
24 24 55 30
38 18 69 55
22 23 48 71
17 3 53 53
49 49 58 57
2 12 49 59
2 19 30 35
47 14 67 36
0 29 41 68
21 26 69 72
24 42 74 86
34 43 82 80
6 43 49 52
40 6 48 50
34 10 60 42
47 5 74 53
16 37 51 77
33 34 49 42
17 1 47 3
26 39 73 74
38 44 73 73
41 23 44 51
30 9 64 37
11 26 28 55
0 19 16 55
30 42 35 90
35 1 81 15
41 0 84 32
27 12 72 31
47 46 83 74
21 4 29 39
25 14 58 42
47 12 82 42
40 29 47 55
2 40 33 86
22 29 63 31
35 20 77 55
28 13 47 63
25 36 45 39
1 29 2 78
34 29 76 54
49 1 58 3
40 49 85 63
34 14 63 36
21 7 58 57
4 1 25 33
39 33 77 74
37 40 52 63
5 48 26 54
30 8 33 30
46 36 56 69
39 6 42 17
39 10 53 56
34 29 48 53
0 16 15 54
29 11 38 48
28 43 41 55
14 32 19 45
13 44 32 50
20 15 21 27
16 7 44 8
40 25 79 68
2 32 46 66
2 20 46 53
7 43 23 67
19 35 47 71
45 40 78 57
34 29 42 30
37 2 74 30
26 20 57 50
23 14 26 42
47 12 82 20
2 30 10 52
35 8 54 39
2 48 3 85
8 37 37 83
16 24 58 68
21 24 68 72
0 26 39 27
25 7 64 35
46 0 86 32
9 13 19 25
9 48 22 68
40 16 78 25
28 1 72 4
39 49 67 90
16 42 42 84
16 18 18 31
40 45 59 48
29 13 38 55
20 10 34 23
0 23 28 55
20 33 47 45
4 3 39 24
11 13 57 41
46 41 80 81
3 41 42 75
47 24 52 44
18 34 55 55
15 1 23 39
33 49 70 87
22 9 25 46
0 15 25 62
9 37 17 51
47 48 76 93
35 14 60 18
10 25 59 52
7 13 37 54
17 30 32 71
17 26 59 46
16 15 58 43
0 40 4 89
33 44 72 63
14 23 25 49
8 3 58 21
28 8 45 56
33 37 74 38
31 21 47 71
9 27 46 37
41 9 61 37
10 45 15 70
14 49 34 75
20 42 23 43
21 47 24 52
42 6 80 33
2 27 32 39
15 23 20 33
24 36 59 71
40 10 74 16
4 32 15 57
14 26 41 64
31 43 56 67
11 1 13 17
30 27 60 76
33 9 36 19
36 45 84 73
30 34 37 70
18 11 37 44
44 22 83 48
12 1 28 27
19 40 22 90
31 49 51 67
23 28 32 39
5 39 30 76
32 23 56 24
43 34 80 72
24 15 31 54
24 13 43 57
20 44 27 49
27 23 72 25
2 13 4 24
27 48 30 58
27 9 49 30
7 9 52 44
2 22 27 49
42 21 81 37
46 21 63 47
12 26 57 41
45 26 85 52
43 34 68 55
47 42 94 50
42 41 45 86
28 23 44 47
5 38 50 40
12 27 24 52
5 41 11 44
47 27 67 68
44 13 59 55
10 48 16 51
9 46 51 85
7 11 29 24
16 16 18 47
12 7 58 25
0 21 1 71
19 42 69 58
13 7 19 31
12 27 20 50
49 12 73 19
45 20 69 34
24 45 61 82
31 5 36 40
4 33 31 60
27 41 53 84
32 17 81 65
6 21 51 29
20 13 54 31
6 30 40 63
22 18 50 24
32 39 58 78
1 14 27 46
0 23 9 59
6 32 48 47
35 21 39 27
36 24 73 69
22 26 29 71
34 49 81 68
21 6 63 31
16 5 40 24
31 5 61 45
22 6 60 16
42 17 72 48
16 24 58 65
48 34 51 67
48 0 84 22
28 46 37 91
31 15 35 30
32 4 53 11
10 16 21 21
39 35 73 43
24 47 34 70
14 6 46 19
19 36 28 84
17 44 50 45
37 15 49 38
33 28 53 74
31 0 76 21
27 28 63 33
46 26 74 37
11 25 47 56
43 29 55 42
45 13 71 46
38 6 69 29
49 17 85 50
29 4 49 14
4 13 37 17
12 13 54 37
26 3 67 24
3 32 38 33
12 33 60 34
27 22 67 51
26 10 69 17
11 17 27 36
49 21 80 33
21 34 58 83
27 20 67 51
24 31 27 68
0 36 17 64
7 6 19 43
5 42 24 61
33 36 45 70
41 46 49 61
46 12 78 36
20 5 53 52
37 34 76 72
6 16 30 33
34 2 59 44
43 9 88 36
5 11 52 60
5 12 14 14
41 26 69 38
11 10 46 59
22 37 67 69
17 47 22 51
30 44 80 68
45 2 50 5
2 0 18 8
23 11 38 28
41 30 79 36
23 3 64 52
34 29 78 34
49 9 76 39
25 5 30 28
10 24 18 37
24 19 51 20
40 16 73 51
22 39 69 85
36 43 81 67
39 29 62 68
0 18 39 46
42 49 68 54
34 16 58 25
49 8 88 51
20 28 46 73
23 40 43 51
13 35 49 41
10 43 25 54
4 38 18 88
38 3 76 26
13 33 34 48
10 6 52 39
18 27 55 70
5 4 25 26
4 26 44 43
5 27 25 37
35 8 53 32
6 48 19 68
34 36 66 83
22 28 67 72
31 35 39 72
26 9 66 43
28 49 64 85
7 44 36 87
45 17 49 22
17 25 33 29
48 49 60 73
6 16 34 54
35 25 39 39
42 46 78 69
22 7 71 39
28 23 30 48
6 30 50 56
10 28 16 38
17 34 45 58
5 12 6 55
3 7 41 55
24 19 29 67
4 28 33 61
31 8 36 49
49 15 88 25
46 20 91 34
21 38 26 67
6 20 9 32
39 8 68 25
34 15 64 56
9 22 53 64
49 31 83 32
23 10 70 30
40 32 73 47
39 42 62 88
24 9 40 26
45 32 63 64
49 21 97 30
42 1 88 46
28 44 61 47
31 21 38 45
41 37 48 68
30 27 61 33
45 23 82 66
6 23 12 31
4 15 49 62
41 40 61 61
1 24 39 59
43 8 89 43
3 16 49 51
27 41 72 66
32 16 47 57
21 47 61 73
35 21 51 49
34 49 49 87
1 22 25 69
20 31 53 56
27 10 77 16
43 31 45 58
17 18 66 57
39 13 56 39
31 4 68 22
0 4 4 8
26 2 55 49
10 22 46 61
34 45 69 74
35 6 64 11
26 42 51 59
42 43 50 69
44 42 94 89
2 0 50 31
27 28 30 67
37 28 39 52
35 1 59 25
3 29 13 60
36 48 59 77
29 4 73 30
42 22 91 69
45 26 70 50
28 13 33 31
7 40 49 86
16 20 59 40
3 1 53 41
21 20 71 24
44 28 71 65
24 32 27 55
26 47 37 52
15 21 26 46
1 19 14 39
6 38 46 48
41 1 82 14
41 17 65 54
49 22 98 48
0 47 8 75
17 31 64 66
6 11 10 21
17 28 48 52
22 34 42 48
9 27 47 28
10 38 58 50
45 37 59 83
20 22 57 62
33 26 40 68
11 1 49 30
19 1 51 43
0 6 38 18
25 14 62 52
33 49 36 78
15 23 54 61
26 27 75 37
4 3 8 19
40 45 47 55
37 3 86 44
35 3 47 14
47 0 65 31
20 8 70 46
37 25 72 39
32 25 35 64
7 5 38 55
36 10 37 36
48 17 64 53
27 48 49 73
38 5 87 16
49 48 65 87
49 3 73 37
27 21 56 58
8 35 37 82
30 22 78 53
13 16 53 57
12 14 27 16
14 13 36 27
37 1 49 40
36 22 41 38
35 1 81 47
26 42 65 49
36 37 53 87
7 39 11 60
19 23 25 59
29 48 66 67
0 6 2 45
5 6 36 49
28 38 38 43
48 10 81 45
0 35 48 43
2 29 29 53
33 8 36 21
41 30 48 72
9 31 49 49
19 9 57 57
47 3 97 49
33 31 48 65
13 43 32 60
46 39 71 69
29 44 30 65
8 13 33 32
15 35 60 71
34 34 81 66
46 28 85 60
4 17 16 35
31 35 44 63
36 6 64 22
27 35 28 73
27 5 76 48
45 29 88 59
39 12 56 50
6 18 47 29
3 29 39 64
47 11 65 48
44 1 64 25
22 10 62 60
37 43 56 78
10 13 36 63
41 38 67 86
17 9 25 30
44 4 83 49
5 30 23 32
37 26 71 36
22 10 62 23
7 46 13 66
30 21 43 45
39 22 49 32
16 29 48 43
20 7 57 35
5 31 45 74
22 3 30 51
46 9 62 15
21 25 29 29
21 27 70 39
7 22 9 49
33 39 35 45
39 32 88 80
39 41 55 55
23 10 69 32
12 29 34 65
29 39 36 40
4 13 23 25
19 37 55 42
39 9 68 40
28 27 73 45
9 31 29 66
16 6 60 35
15 14 53 59
43 46 49 96
23 12 36 57
47 49 48 88
30 19 41 29
4 26 53 41
17 48 27 82
3 14 10 33
43 14 72 53
33 37 44 46
22 4 23 27
2 10 8 45
16 43 48 64
30 36 53 84
31 33 67 68
43 2 91 40
27 27 46 40
29 22 47 26
19 27 46 49
34 5 75 6
21 20 23 24
23 3 31 8
44 41 83 79
37 26 83 41
14 28 19 74
21 0 22 43
28 13 57 26
20 14 41 58
23 47 59 94
44 3 45 42
38 27 85 53
41 41 46 47
10 2 30 36
21 25 25 27
33 16 74 20
12 46 45 83
19 34 63 48
45 3 85 39
35 12 69 40
37 34 41 84
24 32 62 80
40 1 50 25
49 26 69 38
1 49 26 71
18 34 53 50
25 1 66 13
23 38 37 51
19 11 42 57
11 43 57 45
4 26 51 32
15 18 18 35
29 37 50 85
4 14 29 46
16 42 32 82
31 3 64 4
7 45 24 64
11 20 52 38
36 24 85 26
3 20 46 53
12 29 22 48
33 0 77 2
11 42 56 85
27 44 73 79
11 2 51 27
32 41 57 60
23 22 39 49
10 8 53 33
1 45 41 83
34 38 80 86
41 39 73 58
28 4 64 45
27 14 35 24
33 29 42 36
23 34 25 70
43 10 88 58
33 34 39 55
2 17 25 61
5 14 15 49
44 26 63 48
27 32 68 44
48 19 61 44
13 9 20 19
0 6 22 43
26 6 67 37
14 26 40 47
34 6 75 38
8 4 41 43
24 49 62 73
49 49 70 62
26 21 35 49
30 15 60 24
19 39 43 74
48 6 64 42
7 16 22 34
46 5 67 26
7 45 12 54
25 23 70 25
5 30 52 66
26 45 72 91
18 31 55 51
3 4 43 15
3 28 26 30
42 22 76 25
40 12 60 30
14 20 50 40
32 6 34 17
48 5 50 25
40 38 80 82
28 4 73 39
16 35 49 46
17 14 27 22
29 26 57 72
14 16 62 65
48 8 71 57
25 17 42 33
5 9 13 45
3 21 19 41
49 32 57 49
18 26 67 76
27 44 30 87
49 42 60 92
34 0 36 13
19 29 39 56
27 11 68 42
5 2 39 7
42 23 79 34
34 10 84 23
3 6 10 10
19 4 68 10
1 19 6 40
24 46 74 50
41 33 52 81
45 3 83 41
25 49 52 60
27 24 39 56
20 36 51 76
28 44 69 75
45 2 60 24
15 24 65 31
11 5 21 12
47 45 57 68
37 34 84 52
8 48 17 77
38 19 75 39
26 1 42 25
31 44 35 91
4 5 25 21
30 21 41 51
21 3 40 13
15 26 54 50
46 3 73 41
12 6 37 47
39 16 49 38
12 19 25 39
33 34 58 48
35 44 44 51
26 17 74 59
35 16 81 51
21 21 43 57
45 28 75 66
38 8 83 11
8 21 36 63
2 6 9 46
16 45 17 88
48 36 62 72
10 19 15 52
28 19 71 43
21 10 69 20
43 12 64 17
48 47 84 50
41 41 46 49
6 2 45 9
3 44 44 59
44 46 58 69
6 48 24 78
17 39 28 50
33 14 37 46
38 35 51 68
18 41 45 68
14 35 60 54
35 32 65 65
44 6 75 9
49 32 54 49
17 27 41 28
28 33 72 52
7 2 28 30
46 6 91 19
39 32 81 60
22 9 39 28
48 21 64 70
22 14 28 56
30 43 74 54
39 28 68 75
48 26 80 73
27 8 60 27
23 45 67 93
11 17 18 28
24 10 65 59
45 39 70 67
20 37 53 47
12 7 29 18
49 6 83 35
15 46 30 87
9 39 54 61
2 33 10 60
47 24 91 70
17 22 33 62
49 0 60 12
28 21 37 51
43 7 71 17
44 1 50 7
1 26 43 33
0 32 10 80
2 42 12 65
26 13 44 40
29 39 44 47
22 38 36 54
42 26 90 63
4 44 35 51
23 12 44 36
32 20 79 57
7 10 23 45
32 12 57 26
38 20 42 33
16 29 27 39
9 47 18 61
38 21 80 33
14 34 50 81
34 34 41 76
23 27 69 35
21 20 61 30
45 23 88 35
4 20 7 34
10 27 31 28
11 11 60 37
36 23 84 44
6 11 17 41
5 39 47 66
32 37 42 65
4 39 17 48
14 22 26 50
31 27 33 71
49 20 91 58
38 7 85 52
6 26 28 40
12 41 28 86
26 22 57 55
42 41 56 50
24 37 40 44
16 1 32 19
8 5 30 54
19 43 32 69
33 40 55 88
38 42 72 57
13 49 30 57
29 16 70 20
5 9 9 31
20 38 31 69
34 29 80 33
8 31 31 75
45 43 69 77
7 49 43 72
3 30 52 63
40 37 89 83
3 18 51 45
9 6 19 52
4 49 40 64
9 10 42 15
5 39 9 54
40 37 82 81
41 27 61 60
19 29 34 52
11 48 60 72
9 18 17 32
42 30 62 35
1 10 42 20
45 25 46 61
43 30 56 65
33 16 41 19
21 27 70 63
48 10 76 18
34 22 63 52
0 33 3 37
44 12 88 52
45 24 84 63
2 23 7 62
13 42 55 78
39 22 61 60
49 44 82 80
12 16 32 29
21 16 71 33
45 7 76 50
20 31 53 57
38 15 45 20
49 39 57 79
31 28 43 61
45 17 71 25
44 22 79 40
35 35 76 68
22 27 66 71
27 20 36 38
16 21 52 37
44 6 57 32
25 7 63 28
12 30 40 39
13 25 16 26
42 35 56 50
8 9 21 45
22 4 52 45
16 7 43 21
38 40 53 57
3 36 4 54
27 25 44 68
20 44 23 59
17 29 47 55
43 12 84 28
22 7 40 46
43 3 59 37
31 49 76 84
44 1 83 25
6 17 33 45
30 41 42 90
43 23 66 60
13 4 50 40
5 25 17 26
26 33 56 41
25 43 61 63
25 44 70 76
22 10 34 16
22 3 25 21
26 4 55 46
16 26 27 48
21 21 26 22
35 7 43 18
42 31 44 51
47 0 73 21
38 27 50 40
15 30 46 72
10 33 47 61
46 48 58 66
17 17 38 22
27 14 55 36
30 40 78 68
22 49 65 62
3 25 30 46
8 14 14 34
41 46 91 86
12 6 57 39
16 36 43 80
3 16 5 50
48 12 55 36
49 37 62 42
40 27 53 77
19 18 63 31
42 1 57 8
10 38 21 66
36 22 62 62
28 24 68 51
47 1 84 50
0 5 42 47
3 40 36 66
25 37 36 57
24 25 64 62
49 13 66 51
41 28 80 48
27 47 30 74
40 25 42 67
42 34 73 80
14 20 41 62
36 10 47 23
1 48 39 51
3 39 18 84
2 15 20 47
21 7 35 21
16 4 51 13
14 5 55 34
16 19 45 22
38 14 70 56
19 43 35 68
29 21 62 55
1 14 38 39
1 37 25 55
8 27 53 52
34 3 68 7
11 5 36 7
8 42 31 72
37 3 73 20
19 1 44 24
13 46 31 63
40 36 76 37
29 25 43 42
46 19 77 29
6 10 31 25
48 43 51 79
39 3 89 12
25 32 30 73
21 7 50 22
14 14 58 60
8 11 50 19
23 16 56 47
9 46 39 54
33 43 76 67
41 33 90 50
3 7 22 32
46 40 63 53
11 10 17 30
48 28 72 51
6 4 52 22
26 24 29 34
44 34 64 70
18 4 39 28
38 47 52 84
29 1 70 44
47 11 59 57
36 19 77 62
37 11 61 27
26 24 63 47
7 10 19 36
33 48 48 70
29 9 78 18
38 0 49 36
23 32 37 43
5 4 8 49
27 9 44 15
4 28 41 40
49 39 88 72
4 3 44 37
37 43 50 71
25 14 71 63
8 10 58 27
1 12 17 41
33 34 56 72
10 0 25 10
2 41 42 48
29 39 76 58
10 48 43 84
27 36 40 74
11 5 58 20
13 45 32 94
42 35 74 38
45 13 84 61
27 5 32 12
0 27 45 40
28 48 54 56
39 46 74 50
32 17 35 66
22 46 35 61
45 18 80 59
22 37 54 39
37 10 82 50
38 1 76 20
12 27 14 31
35 6 60 27
28 20 55 21
40 16 57 53
2 26 39 51
17 26 34 33
10 45 47 47
25 19 74 59
0 42 48 80
23 7 25 9
27 3 55 21
46 3 66 52
5 25 38 50
48 30 50 41
39 11 67 26
25 3 59 29
32 13 80 21
48 8 71 34
2 45 16 94
34 48 35 90
32 17 56 50
24 43 72 59
26 29 33 33
41 31 76 55
32 30 77 61
18 8 59 29
3 20 7 60
3 30 23 69
42 20 90 40
46 34 62 59
22 28 39 42
0 39 10 74
5 17 27 43
12 46 38 64
30 9 49 43
39 23 79 56
39 3 84 39
9 10 47 44
5 49 46 56
49 42 90 49
11 31 21 57
36 45 66 64
48 2 53 40
43 21 71 54
21 20 46 54
14 18 47 38
22 27 40 51
7 29 28 51
31 46 42 67
40 38 82 79
45 29 88 71
20 25 24 69
29 26 75 70
29 13 75 15
14 24 57 49
14 45 18 92
16 18 58 27
35 0 42 33
1 23 33 45
34 14 36 29
48 9 92 38
38 29 63 34
17 28 24 60
11 29 35 57
17 37 65 40
6 34 44 42
21 30 32 36
11 21 56 31
39 37 71 67
7 34 27 59
27 8 40 47
38 18 76 24
37 9 43 55
45 2 89 21
5 23 38 40
28 28 76 47
30 47 48 85
36 14 70 28
46 4 69 41
11 41 34 42
29 45 30 72
45 44 95 48
31 21 52 34
17 32 67 82
17 36 49 42
15 19 18 33
26 49 52 88
47 40 90 67
44 5 81 47
35 44 85 64
21 33 38 74
15 39 31 74
46 40 75 54
30 26 42 34
36 47 64 83
19 13 59 27
25 5 44 19
20 34 22 76
17 32 35 68
34 19 56 52
49 46 61 79
22 39 47 50
2 45 41 69
27 39 37 45
27 20 72 68
45 41 50 57
23 0 47 10
46 41 68 88
33 30 73 36
14 18 34 37
9 41 23 78
22 43 55 46
26 1 40 26
19 41 62 84
17 1 59 16
12 12 58 60
34 5 77 6
13 18 37 41
36 10 49 22
44 15 49 39
17 49 36 87
11 31 52 62
33 44 67 92
28 45 35 60
48 15 49 27
25 35 61 49
49 24 96 71
0 19 42 37
10 6 31 30
10 3 49 47
23 40 72 44
6 17 44 25
37 20 72 33
20 26 27 48
2 17 5 22
44 21 83 28
8 29 39 50
18 15 53 59
32 46 39 88
45 48 61 82
0 47 19 70
24 43 50 72
28 32 40 57
49 32 56 43
36 30 48 37
45 49 94 80
6 23 54 25
12 34 34 47
41 34 76 53
9 46 38 86
41 15 71 58
37 4 85 28
10 31 48 40
35 40 68 82
29 42 43 84
34 4 64 32
13 45 54 70
20 16 63 28
23 6 55 17
29 35 40 77
47 49 64 82
48 23 88 51
2 20 21 59
47 16 72 29
17 36 29 74
5 1 8 30
36 40 44 56
17 6 43 24
43 49 52 93
47 20 73 23
43 40 87 81
19 2 28 39
20 24 61 50
45 6 73 38
34 48 81 52
22 20 29 38
14 11 35 26
45 16 79 55
26 30 35 77
17 32 52 72
24 16 33 38
35 4 58 26
21 25 26 69
11 10 57 38
17 41 41 56
7 4 17 38
18 29 55 67
20 26 35 74
22 20 67 29
19 31 45 72
29 33 36 76
4 20 50 44
19 40 31 69
23 11 70 53
33 30 77 34
7 2 14 32
2 39 26 61
0 11 22 41
29 22 76 56
42 9 87 23
5 41 55 72
45 21 50 52
47 34 49 39
9 36 48 49
11 33 37 45
48 43 96 72
43 13 61 51
11 2 34 21
23 49 69 71
0 1 23 49
24 2 62 38
28 49 67 89
15 3 51 18
32 44 81 70
15 15 25 42
34 46 52 54
13 30 59 44
18 12 53 57
21 31 38 81
6 41 38 64
16 38 63 39
44 27 79 39
43 39 86 67
12 37 48 63
31 40 49 42
1 45 4 71
19 26 46 52
9 49 29 77
15 27 55 39
23 22 31 40
1 46 13 60
47 40 81 71
3 31 34 36
35 31 62 38
4 33 13 48
27 43 61 89
24 6 46 55
30 17 62 49
42 47 56 89
47 21 85 22
20 6 23 14
30 13 71 51
0 1 47 31
31 24 76 31
17 6 51 56
14 31 38 38
36 48 65 84
17 37 39 77
24 46 69 53
34 43 44 80
8 15 55 57
43 49 84 62
23 12 29 50
30 45 74 65
23 4 69 47
17 32 60 76
38 49 67 74
40 10 86 11
41 41 67 78
17 49 61 90
0 29 12 61
6 0 34 32
22 23 29 63
48 32 56 69
36 10 71 39
29 28 52 51
48 9 68 25
14 8 25 24
21 46 59 74
16 10 65 50
4 30 38 36
43 41 59 71
49 7 54 38
26 4 64 31
6 42 22 64
25 38 26 85
39 25 74 32
34 47 72 86
23 45 51 62
42 47 82 91
45 25 50 47
43 0 74 2
45 22 88 46
44 21 57 57
46 43 96 76
36 23 77 33
20 25 39 38
7 8 30 11
28 26 62 48
13 23 40 35
20 34 68 51
10 3 18 12
6 43 56 87
41 4 58 16
36 26 67 71
4 48 39 84
17 6 44 40
4 46 36 73
31 44 64 88
39 1 88 48
47 41 94 80
12 2 58 52
27 45 56 78
14 17 60 49
24 16 50 45
7 7 20 48
44 33 46 68
49 32 86 81
33 37 57 85
18 46 60 93
19 30 63 64
41 16 89 32
22 43 58 75
47 21 48 64
4 28 11 32
43 2 54 29
33 23 75 25
34 49 57 53
17 38 47 47
28 23 35 27
41 34 61 76
21 33 30 59
14 29 26 39
21 35 55 42
26 9 38 20
33 15 43 16
40 11 46 31
11 22 46 28
3 46 12 72
16 0 48 34
44 42 76 58
16 23 47 66
41 2 74 29
41 28 61 61
24 1 64 40
26 43 52 73
33 6 75 7
22 35 32 52
40 33 70 43
9 1 16 4
40 30 47 63
25 16 37 19
0 40 20 67
44 8 80 36
26 29 43 30
25 18 42 37
46 27 48 35
9 10 38 60
36 33 79 46
3 16 5 23
22 32 29 49
41 46 84 66
9 19 37 54
44 2 82 45
40 49 72 51
10 2 22 49
4 10 41 18
39 13 66 26
34 30 83 58
40 46 69 48
8 38 24 41
4 44 45 91
22 47 68 82
7 32 8 44
38 20 84 50
23 41 60 52
34 37 59 64
4 28 39 41
1 16 18 23
8 4 21 37
8 18 11 36
4 28 8 71
48 21 49 45
36 33 52 54
41 49 63 95
7 10 35 19
45 16 72 22
39 40 61 90
25 16 34 46
11 21 58 33
46 37 91 71
9 5 30 8
43 0 48 1
33 9 44 38
36 36 62 64
48 26 75 50
34 2 79 51
40 9 66 47
20 20 67 52
19 34 47 47
32 13 67 29
46 46 71 79
1 12 34 13
8 25 49 70
35 42 64 68
5 12 10 38
2 9 37 33
12 36 58 83
31 13 33 41
27 11 37 40
43 30 67 32
14 48 21 98
36 26 77 68
46 19 86 21
25 24 54 64
23 35 36 40
15 33 17 76
10 21 55 26
18 7 20 42
7 35 13 81
48 37 60 84
2 47 9 76
36 19 59 29
36 15 44 18
8 44 57 63
44 24 60 39
19 48 52 77
39 24 73 62
47 34 61 84
21 29 55 37
7 16 57 61
8 46 42 63
33 36 76 64
10 42 22 72
45 9 86 44
26 24 60 48
48 24 59 44
43 26 48 28
3 47 48 61
27 29 73 42
37 40 53 88
28 28 61 54
24 12 63 15
23 27 60 50
46 41 49 83
6 42 27 54
14 24 56 69
36 6 42 31
22 23 69 25
30 28 35 36
44 9 85 29
26 41 64 66
41 18 77 66
7 10 18 32
4 17 41 58
41 16 66 30
22 16 65 20
46 10 92 53
35 11 57 26
10 40 16 42
42 48 51 98
21 22 32 48
46 17 87 55
16 3 51 42
26 43 46 68
16 16 22 21
27 20 55 58
32 41 45 66
21 25 61 70
2 21 51 70
40 38 79 45
24 46 68 47
14 26 55 58
45 37 88 62
20 14 28 19
19 31 25 74
46 38 53 87
4 49 14 96
0 2 40 29
32 27 82 76
41 31 47 68
48 13 67 34
25 24 53 70
32 39 38 70
14 29 43 50
37 17 68 57
19 16 39 20
20 3 66 15
0 0 36 1
3 20 17 50
40 26 88 51
2 4 20 23
45 39 81 75
17 24 24 63
25 43 68 92
37 9 85 50
32 40 42 78
22 16 36 31
10 40 55 55
12 33 60 43
32 44 55 47
28 40 50 46
13 5 48 9
31 43 47 59
26 2 62 52
48 15 70 26
17 27 24 57
5 39 16 79
34 41 70 56
6 21 39 42
16 23 44 73
42 14 61 33
5 19 22 26
39 16 77 24
45 36 89 37
5 39 33 79
13 3 45 25
13 41 39 73
2 30 19 77
34 16 79 57
12 46 49 51
23 11 38 30
8 20 58 34
27 5 37 48
40 13 49 19
35 36 43 76
23 35 42 46
12 0 15 28
40 31 89 47
12 35 55 58
43 38 49 61
14 16 58 24
3 12 34 52
39 30 41 43
19 22 38 57
22 13 47 26
24 27 69 67
38 11 53 45
19 6 69 42
44 42 67 91
4 39 12 83
8 8 30 38
39 13 72 25
9 25 36 59
22 22 27 35
18 46 55 84
37 23 40 56
26 32 44 64
24 24 48 59
44 14 79 49
17 47 45 74
6 9 30 38
27 43 62 90
20 35 62 45
45 43 54 65
28 2 54 5
0 37 30 83
13 31 15 64
30 8 59 47
1 17 20 49
4 27 17 54
3 35 16 84
23 21 53 23
6 5 33 13
5 4 50 25
47 3 83 32
13 16 25 34
31 48 67 86
49 13 77 16
41 2 43 19
32 17 59 56
2 47 28 57
19 31 21 49
38 45 73 50
48 21 62 53
1 19 23 20
0 5 35 47
35 8 45 26
35 8 63 48
2 48 10 71
9 41 40 91
16 3 53 20
1 48 28 53
47 5 67 53
5 41 18 85
21 10 71 20
28 48 49 80
28 5 78 45
29 38 76 86
34 14 77 52
18 42 33 61
35 17 83 58
9 33 18 66
9 43 56 82
16 21 59 68
41 35 68 58
24 19 49 28
18 45 54 82
49 6 87 41
36 27 61 75
32 32 43 77
8 32 34 58
19 23 25 36
31 34 41 42
35 15 42 19
43 39 56 83
2 29 51 70
22 38 29 45
19 0 42 28
47 4 82 22
39 29 68 52
39 29 56 54
24 27 71 45
9 12 28 26
16 3 61 42
2 47 46 69
15 1 65 15
34 32 42 58
35 48 49 75
31 0 61 6
26 25 56 63
48 0 88 17
33 7 39 44
49 9 54 24
3 29 16 69
20 15 32 23
25 34 41 41
44 14 81 37
16 9 58 24
30 32 42 49
19 4 59 23
43 32 59 82
28 38 41 87
25 7 31 10
20 9 62 27
28 39 54 86
16 12 18 61
14 14 59 48
34 3 53 33
34 28 71 41
0 12 18 40
22 30 42 76
13 12 55 56
16 39 20 74
6 32 10 56
47 6 95 40
17 13 28 15
48 15 90 16
10 29 40 65
1 30 11 47
0 9 45 28
49 2 50 9
3 29 41 32
34 36 72 40
49 7 51 57
44 1 69 7
4 42 36 50
40 23 63 67
18 13 51 31
34 23 51 63
5 41 10 83
44 44 74 90
32 45 34 73
26 34 75 67
29 39 56 62
0 17 13 36
46 35 77 66
48 19 58 23
15 44 28 54
44 7 84 34
42 5 45 26
2 2 42 35
17 6 59 24
5 35 29 37
3 31 25 34
32 7 35 55
17 9 20 21
43 39 60 77
20 8 68 31
38 6 49 13
4 23 17 33
37 11 49 55
32 47 77 64
47 15 52 30
8 27 33 29
42 39 61 54
15 39 63 46
9 12 57 26
12 23 50 73
48 42 83 75
30 48 70 76
46 43 61 48
40 8 63 44
41 1 91 10
48 14 89 22
40 21 69 24
18 3 65 20
32 1 81 14
39 40 89 76
15 42 51 49
10 43 11 47
49 11 94 59
37 6 66 34
8 31 36 58
25 45 62 53
34 20 81 45
47 11 60 25
49 19 53 29
3 12 18 17
8 3 35 51
4 24 15 39
39 41 47 57
44 22 83 51
34 4 79 36
6 44 23 51
21 17 37 45
29 31 60 72
6 37 42 50
45 26 60 61
21 1 41 19
7 48 32 90
18 25 21 53
20 35 42 80
37 21 40 40
34 8 39 49
39 2 88 39
12 23 44 59
2 3 27 14
0 3 2 23
5 48 36 77
2 22 38 62
37 9 81 32
47 14 68 54
18 27 38 60
2 19 3 24
27 14 52 42
27 48 48 82
0 11 47 14
33 43 69 65
30 45 36 75
25 18 37 64
30 27 79 62
0 39 49 67
23 5 29 6
25 35 29 64
2 30 51 66
33 8 60 22
31 43 37 50
19 3 33 5
13 36 46 51
30 41 56 45
30 6 79 13
4 34 46 41
40 43 57 67
42 39 47 65
11 33 46 64
49 32 86 46
18 27 37 77
45 4 66 30
19 33 30 57
2 31 22 74
38 17 65 50
30 8 37 53
40 26 82 67
30 5 39 54
28 49 61 75
2 1 7 25
16 46 53 65
6 12 34 59
6 28 39 67
38 32 75 64
30 23 40 34
19 10 50 11
12 25 25 42
18 42 47 77
15 5 54 29
18 19 38 44
1 12 49 55
36 25 84 44
8 30 9 58
30 29 71 74
2 12 8 35
33 7 38 8
43 23 56 37
33 39 78 75
42 27 44 58
0 48 5 57
4 36 33 71
20 28 38 54
22 47 63 56
45 10 50 51
18 5 53 8
28 39 73 62
47 4 64 53
20 6 23 31
30 10 75 14
12 28 51 65
30 46 56 74
32 19 40 20
43 4 68 28
20 46 64 65
11 18 14 50
5 7 30 45
21 40 41 76
9 23 28 66
46 19 67 48
29 30 71 53
17 45 53 84
28 8 72 49
46 23 73 25
2 40 36 64
4 10 36 25
1 6 36 54
6 25 34 61
18 7 25 44
43 26 48 48
48 13 85 58
12 47 52 64
24 42 64 71
20 42 23 65
38 21 87 66
28 29 76 76
5 34 44 83
43 21 56 63
48 37 86 50
26 29 63 30
25 28 47 77
23 22 47 35
23 8 67 10
40 0 79 48
26 47 61 67
49 12 69 60
8 12 58 47
37 36 79 50
12 13 29 51
39 1 75 17
28 16 39 38
48 18 65 45
3 48 22 51
37 1 48 49
12 31 26 81
6 14 26 33
37 8 65 36
12 44 22 88
19 14 32 34
31 46 66 81
2 38 49 80
6 38 48 57
7 20 29 34
40 34 75 63
14 7 57 36
1 21 3 45
15 42 51 89
20 30 61 53
36 16 57 62
12 13 17 35
26 34 62 53
20 48 39 85
12 14 18 29
8 39 45 64
21 20 55 64
24 18 28 31
25 7 60 47
38 10 62 27
8 35 56 66
15 16 49 45
41 44 75 46
19 27 53 68
18 36 67 79
3 7 8 36
38 20 55 49
41 45 72 48
27 34 60 80
17 25 21 36
36 12 58 18
6 47 46 72
39 19 73 64
37 25 64 53
44 6 90 43
25 38 29 44
37 0 60 7
27 17 53 31
46 18 78 23
22 28 39 43
1 8 49 50
23 18 57 37
28 6 55 13
31 11 78 32
20 27 34 76
40 11 87 50
29 42 60 44
48 15 69 65
18 42 43 86
9 13 21 54
39 46 59 68
15 41 25 78
24 34 45 49
18 2 66 50
27 1 72 29
16 29 33 64
42 30 64 33
34 44 78 69
15 45 56 76
1 18 40 44
11 41 16 73
2 29 46 61
39 9 70 17
48 44 87 86
11 45 36 92
17 20 57 53
31 15 49 50
7 11 41 30
38 0 41 43
45 23 77 60
13 43 46 55
22 4 60 39
13 32 63 64
40 15 43 39
21 7 54 36
18 49 37 58
22 0 24 18
32 5 56 51
6 8 8 39
38 14 52 17
14 35 63 43
0 30 3 52
37 2 78 8
10 13 12 47
2 2 16 39
36 33 47 78
11 25 53 27
6 5 48 29
40 30 83 73
45 16 58 51
4 39 23 55
19 0 24 24
17 9 22 15
14 2 59 28
37 29 67 76
22 19 57 34
27 7 29 32
13 8 37 29
41 37 89 50
3 37 41 58
41 27 90 36
42 35 74 67
12 27 27 63
49 49 96 76
49 2 56 18
31 35 42 60
9 38 32 51
11 34 37 39
23 12 37 30
45 49 94 57
12 42 39 56
25 41 70 68
0 41 44 76
3 8 30 21
0 24 48 36
24 16 33 65
24 17 53 37
28 28 47 72
45 6 67 29
17 48 66 66
43 3 84 51
18 11 31 33
11 32 50 68
48 35 49 58
31 43 35 53
21 4 44 23
45 42 57 55
11 31 55 36
35 3 71 7
47 24 65 35
7 45 17 51
9 30 41 73
36 4 60 14
45 30 54 71
21 2 44 35
15 39 50 40
19 6 64 25
13 28 46 49
43 26 69 32
8 47 15 92
29 6 31 34
12 17 49 51
10 18 33 47
8 28 16 58
3 49 40 67
21 37 49 54
4 21 20 35
23 9 45 15
24 32 40 69
3 20 5 35
25 42 64 76
47 12 70 15
11 19 23 54
40 0 50 46
24 10 49 59
45 3 65 25
37 8 75 49
38 6 69 21
20 49 21 69
23 21 38 58
25 20 69 39
2 15 23 44
44 28 70 70
44 13 78 47
22 24 46 36
5 27 38 55
33 46 62 53
42 42 62 63
14 38 29 57
34 49 38 81
28 24 56 49
13 8 51 44
12 48 47 68
16 46 44 96
6 7 51 56
14 18 16 49
15 49 24 52
11 33 60 75
27 16 37 57
49 26 76 38
10 31 35 58
2 28 30 37
24 8 60 49
37 20 67 25
37 6 59 8
19 42 61 90
1 39 12 40
36 13 52 60
42 25 87 70
24 4 28 53
40 38 55 68
43 34 52 66
30 34 71 36
34 0 61 36
37 37 78 63
7 24 8 74
45 45 95 67
4 19 6 64
16 24 26 34
19 42 30 44
2 3 29 40
5 21 11 66
47 19 56 25
11 6 55 13
44 27 47 76
3 45 52 67
7 31 27 60
31 30 57 64
4 20 40 30
40 3 84 42
4 45 29 61
18 23 20 38
3 13 6 23
0 30 9 40
29 39 43 50
39 43 59 89
4 4 20 52
11 35 21 51
33 32 66 36
33 18 39 58
9 48 43 60
41 20 72 43
46 32 58 68
31 32 59 70
45 34 82 41
47 23 69 54
5 36 11 76
12 28 19 50
39 32 68 65
8 4 13 9
15 41 54 90
15 36 39 49
11 18 34 27
46 41 90 43
48 42 76 55
33 33 54 58
48 6 64 16
21 13 32 51
48 35 56 51
30 28 54 73
48 2 97 49
44 47 90 90
22 7 63 15
12 31 53 43
8 20 46 50
49 18 85 66
42 15 49 41
31 21 77 51
45 25 69 65
19 32 45 76
17 3 57 35
31 42 66 82
24 21 39 45
2 21 44 68
47 21 84 51
33 10 76 39
18 18 57 58
15 34 18 69
43 15 81 40
22 16 33 65
24 21 64 50
30 25 73 56
30 11 79 25
43 42 65 56
11 2 24 29
14 12 53 20
26 31 55 32
38 48 88 63
38 43 58 65
14 1 33 48
16 12 29 24
35 24 40 74
18 27 45 60
17 39 58 83
18 43 41 50
24 20 68 33
12 35 28 64
33 25 70 28
0 13 38 52
43 37 82 49
16 45 31 79
6 28 41 53
8 32 32 65
16 47 22 79
20 11 53 18
19 8 56 30
25 9 49 28
13 31 62 62
13 15 40 37
12 46 59 68
19 3 50 42
35 19 36 26
33 14 64 19
19 25 42 70
47 15 83 27
35 43 82 92
25 20 36 58
6 8 25 35
48 14 63 51
16 44 52 94
17 5 26 44
32 33 64 63
18 40 19 44
48 4 84 28
46 11 73 14
46 30 68 77
35 32 80 37
31 3 58 5
34 39 46 58
44 48 69 63
24 19 65 43
26 46 50 71
1 26 11 74
33 44 43 65
3 24 32 62
5 38 36 80
41 10 69 46
2 49 13 78
0 1 19 30
44 2 45 48
11 45 43 90
40 15 82 61
19 34 61 61
21 18 44 31
2 49 33 54
40 32 89 73
19 21 56 37
38 12 64 62
6 44 14 93
0 46 12 69
2 48 33 75
5 38 24 46
48 13 87 52
38 31 86 41
33 24 38 46
29 23 67 62
46 36 66 84
32 19 67 54
15 10 35 31
38 29 40 66
41 27 84 59
39 41 48 67
12 48 30 92
6 31 30 35
42 2 63 27
4 11 28 33
42 41 66 72
24 17 47 35
14 49 59 56
4 33 47 52
11 13 45 32
7 21 53 71
15 26 39 48
46 43 84 84
10 21 47 57
9 4 50 28
34 31 38 72
47 10 64 20
0 27 24 35
20 8 21 44
25 7 60 31
21 13 22 48
36 21 71 69
24 21 50 32
31 2 36 31
21 39 34 63
38 30 55 39
16 46 57 88
27 14 33 63
7 32 36 76
14 43 20 83
31 1 46 14
20 42 25 86
18 16 51 23
0 17 49 35
39 10 53 27
18 16 46 42
7 20 9 44
6 12 20 52
29 1 46 4
20 45 65 84
28 47 41 76
10 47 25 49
29 17 38 65
37 24 74 71
39 19 84 65
10 35 45 77
0 43 39 64
34 10 74 23
1 41 11 55
23 15 62 18
48 1 83 39
20 33 46 43
22 7 28 40
39 23 84 65
32 11 52 29
8 31 32 43
33 24 58 33
15 13 55 29
24 3 39 50
42 8 81 25
43 0 59 35
9 25 35 69
44 12 83 15
14 13 59 63
18 7 57 41
29 49 52 53
39 2 44 34
44 49 55 90
25 24 75 61
24 29 27 49
42 23 85 30
38 5 76 14
27 42 41 49
37 12 81 39
49 9 64 53
24 33 33 35
7 39 16 72
12 3 31 8
12 11 39 14
15 11 32 54
31 1 37 23
48 47 62 95
29 40 37 44
15 6 42 30
34 7 80 56
15 2 28 33
38 34 54 41
32 48 78 64
0 36 50 37
14 47 51 91
43 48 84 59
16 33 21 36
1 0 44 20
6 1 11 49
20 3 56 8
31 21 33 55
3 34 14 52
46 11 78 51
23 49 33 91
16 43 52 63
29 38 75 75
0 33 40 54
25 24 62 33
39 41 85 84
5 10 31 14
9 42 33 77
32 26 77 27
31 20 51 33
15 0 24 18
0 37 34 65
21 35 35 49
10 5 39 24
6 21 24 37
42 1 59 29
10 27 38 71
49 5 97 20
8 33 17 44
43 37 66 53
35 30 60 76
2 13 40 24
5 25 43 75
3 26 31 42
6 8 11 14
3 21 19 35
23 23 28 43
26 36 37 50
36 9 53 49
3 49 28 60
11 10 39 25
6 29 43 44
40 20 80 67
7 9 49 42
48 1 82 26
45 38 83 71
3 23 53 33
25 19 50 57
3 3 33 13
18 26 54 37
26 6 73 40
39 18 56 56
1 14 23 61
9 28 14 43
5 25 7 56
26 17 72 47
26 41 50 86
8 7 28 44
15 20 29 27
31 46 72 79
11 31 22 54
16 37 26 59
13 1 28 43
9 22 31 61
46 34 62 39
34 40 76 42
5 8 18 47
4 21 9 38
16 38 21 71
13 3 41 32
42 19 49 23
29 41 74 67
9 31 36 76
19 47 44 72
38 13 44 57
11 9 48 37
40 11 90 17
29 34 46 58
