1537.6573128
149.1167546
1112.5253549
225.9900565
344.3267762
785.3915184
216.0000000
412.6440335
512.8421289
237.9243003
283.2787269
400.0541719
866.8947555
224.0000000
243.6993280
565.7672069
210.0000000
1300.7157132
329.5460719
722.0104659
131.9046889
0.0000000
1063.0492635
693.6083378
700.0043062
723.7156717
41.8855711
32.5402083
307.7936773
1221.7772490
1355.8197421
180.0000000
1329.6931519
140.0000000
957.0000000
84.0000000
369.0000000
213.1686008
95.8783838
418.9249967
1015.9184423
678.6737897
1507.4920692
147.0200307
606.7521601
562.1554086
160.5714491
331.8548981
846.8677601
997.1114213
98.0000000
145.0000000
347.2437618
162.3500887
265.2888407
210.3103262
100.0000000
1194.6284320
184.8769440
756.8288284
618.2252533
-559.8137533
154.6219044
421.8134081
207.0000000
768.1356128
13.0000000
43.8662736
310.5332535
850.4097860
482.5279265
253.9073381
574.0000000
486.7779381
457.2022317
660.0386487
1078.6431129
473.3738263
1526.0866947
41.2651528
357.7660513
286.4078184
244.8286564
672.7459008
483.0000000
1172.0791915
599.5825517
411.8288284
122.7886070
931.9698244
200.0000000
864.9048514
662.8160932
7.2334705
406.1136520
82.7543354
226.9216073
0.0000000
1345.6843618
659.0170800
59.9916156
12.7559988
290.3417031
151.9409354
17.7788650
53.2960570
56.0000000
51.9690958
113.9758546
361.9106244
264.4164105
7.0000000
536.8608336
252.5716087
0.0000000
269.6900486
362.1295004
173.7112350
1184.6233758
637.6388235
659.0640485
273.9089552
248.2512616
529.8055402
132.0000000
764.7559988
1472.5849483
803.6687286
310.6704569
61.3515484
17.7788650
231.6167821
599.7521601
62.5802937
104.0000000
112.8926970
143.0000000
239.4519469
454.6772381
430.8295837
49.0000000
300.0000000
729.6894776
480.7076072
191.0913601
176.0000000
19.0000000
429.8377511
260.9139299
205.6709679
409.5350384
136.9861088
720.3135133
176.0000000
448.7996036
960.4359494
161.4717050
532.7909842
556.9071988
707.1686008
273.0000000
716.3254800
207.0913601
90.4493355
739.5400634
127.2569461
9.7478539
154.6306733
1706.7320709
138.0000000
580.8713876
525.3225574
619.2494648
390.0000000
366.1720597
1150.4922412
100.3385002
427.6456347
198.0000000
501.0383333
446.9551687
904.2452389
0.0000000
282.5994688
960.5361301
252.0000000
535.1353780
566.4852477
243.1033931
292.6476824
743.7490971
698.8051073
14.0000000
233.9856781
1215.3135133
3.0097201
341.8239611
130.0000000
290.3417031
115.0000000
234.7552627
267.8563981
0.0000000
231.9518653
1634.9771079
444.1780863
81.1713515
183.4029507
170.0000000
10.0000000
1067.7121231
822.7929132
1078.9327115
32.0000000
0.0000000
605.3628014
322.2940476
755.0045124
223.1777442
1409.0985051
202.2046968
336.8035058
69.6108628
50.0000000
490.3495777
450.9188311
919.8264811
454.2494648
729.9661345
660.8169862
274.8548981
481.1638171
385.4164105
608.0000000
169.8408030
0.6192472
40.0000000
276.4836892
413.5414641
1116.3856406
614.7521601
14.9581960
782.7731948
104.2189066
82.0749220
187.8702252
150.0000000
36.0528624
429.0000000
1021.1149615
727.5314839
15.4386468
95.9581960
139.5344958
80.0000000
41.0804166
1562.5812132
220.0000000
1032.4741936
72.1065254
238.8286564
2.0000000
554.7839700
0.2567831
389.8143267
396.4007835
2049.0374748
430.8286564
417.6545406
128.3000079
526.0424478
428.1805514
453.3765741
-0.0000000
44.0779264
505.7902289
562.0888951
281.8805435
0.0000000
430.0000000
656.7853492
68.0000000
170.0000000
541.9209611
750.6188853
96.0000000
235.1186796
1195.7546823
266.3463450
448.7830643
757.7324964
575.4256344
163.9606554
502.0794278
667.4738782
154.6219044
238.8454465
1438.6227601
66.0000000
262.9643043
660.0000000
596.1564916
57.9864076
399.9996600
733.4875950
1240.5672421
252.7462408
1322.4536418
1615.1613279
353.8805435
462.2878227
83.1777442
156.6243115
315.7558223
166.0777693
160.8832947
235.3364963
886.6223853
187.7456375
10.1431141
172.0000000
924.2934826
348.0000000
14.9507017
623.3866396
150.0997442
13.0343526
341.8727173
1386.1904785
453.5057613
568.7014817
70.0000000
270.9975349
401.7660513
6.0000000
1373.0456427
798.7961779
368.9636965
201.7220335
906.1714239
346.9364474
869.2871985
53.9778709
46.9968974
1061.0016249
666.1757772
243.0000000
276.9198834
447.1033931
104.0000000
303.2027975
294.1157384
164.3668616
10.6587666
120.0000000
166.4250802
506.1412973
400.8193616
1587.5917672
659.9568679
152.5574069
4.0000000
229.3328963
90.0000000
513.5435117
384.0000000
826.3489662
962.9983869
846.4359494
295.5858779
544.7460346
49.4643620
158.6162073
1016.2934826
191.2583058
203.8307070
349.2962071
0.0000000
9.6673460
8.9742220
586.7040254
276.3668616
504.2997616
36.0000000
249.5018493
510.0000000
576.0000000
775.8413513
90.0000000
717.0638377
889.6803592
87.1973636
13.6587666
1223.9101899
499.6320144
855.0000000
69.8178356
214.4926918
150.6576259
1481.5227350
561.6090460
138.9364474
1045.6695638
33.0000000
814.0519217
482.7378909
186.8394303
130.9216073
159.8807725
872.6601365
782.4574416
316.7794081
523.3324538
0.0000000
266.0000000
858.3809481
631.1281618
402.9546422
192.0000000
457.0741444
330.0000000
1100.6469055
18.0000000
694.8491242
237.0036489
523.4534100
72.2971416
1552.4498706
986.5408187
12.0000000
259.2109671
724.3528579
173.9189143
560.0000000
203.4995020
605.5769256
394.4730932
36.0000000
299.9507119
190.0000000
20.0000000
192.0000000
474.4561031
76.9661345
175.0000000
605.6215370
468.9483544
1701.7804196
145.8760156
0.0000000
3.0000000
187.4460614
394.2913772
405.4401281
570.0000000
943.6476824
260.7794081
45.0000000
426.8315855
682.6840493
6.4540588
69.1809843
1313.9909356
0.0000000
208.4397369
271.2169090
212.8081165
663.0892631
88.1777442
8.0000000
332.8631809
802.5976066
163.4298604
416.5744159
105.0000000
339.7945263
315.0000000
573.7464756
927.8554008
670.0730392
471.7521601
432.2952794
211.9343245
1353.9341001
205.9327985
838.9658788
198.0000000
881.1956551
72.0000000
0.0000000
225.1526913
460.2781890
132.0000000
0.0000000
198.9214531
63.0000000
50.0000000
272.0000000
699.9610465
191.6385081
84.2446846
722.5536103
252.0000000
989.7128784
400.8713876
1222.6967064
41.5274313
92.9463909
318.3415972
346.8019509
1415.9568679
42.0000000
12.0000000
17.4533035
87.0000000
722.2439337
843.3764716
22.0000000
108.4058151
235.3364963
808.1114213
355.9965294
227.0200307
793.5314839
581.8654967
456.1819428
29.0000000
135.0000000
822.6840493
82.9638931
513.8554008
600.6386458
332.8631809
0.0000000
369.9026959
264.2961340
384.9551687
269.5353784
145.7460346
785.4323005
170.4493355
79.5656894
0.0000000
871.2790983
552.0866317
166.5908526
189.6119193
225.0000000
21.4519469
1502.5815718
876.6411393
213.3722178
106.7580379
110.8561302
276.8746561
72.3103262
166.4936823
1447.6259364
327.1033931
27.8867091
24.5904922
258.3893587
153.2046968
993.5875302
20.5904922
44.0779264
915.6351858
90.0000000
438.1988300
242.1581047
83.8330543
595.9056291
347.4738782
119.8978480
479.5471124
0.0918159
138.0358111
549.8115354
93.9163089
31.2357457
208.0000000
0.0000000
484.6524159
121.6385081
1.8449614
167.8830257
1.0000000
1040.1886392
21.8728253
425.7839700
405.2396880
224.0440178
1376.3283304
656.6326579
393.9576338
580.7178075
1131.5664868
218.9565008
803.9568679
43.9759023
0.0000000
39.9518653
132.2352769
135.0000000
24.5428061
495.8773412
142.9803363
488.0964165
276.8746561
390.0000000
425.0640485
531.9131523
721.5101980
1188.6650181
528.0000000
600.9856306
795.6921607
498.8432049
640.4852477
324.0000000
181.8688654
841.7916316
207.1581047
832.7063557
30.0000000
102.1581047
497.7878816
678.3809481
1191.9338652
474.8407354
274.3476567
39.0000000
585.5717645
559.8264811
386.3286704
110.0537811
0.0000000
701.6985510
1258.0765470
383.2078708
41.9940465
775.8762719
50.9127298
280.0000000
200.0000000
491.6463591
21.0000000
260.3267762
29.0000000
115.8958293
203.1777442
1666.8745378
627.9574944
6.6344795
656.1655046
128.6385081
85.0142019
82.8286564
312.9188311
563.9424009
359.8773412
958.4263897
160.0000000
90.0000000
297.0000000
646.8395687
82.2086484
387.1553540
422.1718664
243.9281991
112.3208791
730.4997745
613.3772493
135.0000000
51.0045457
128.0000000
1558.4299611
9.9241291
361.4290058
17.0000000
247.4995020
64.8720700
492.7603668
262.6444447
125.8072826
425.0000000
373.6407507
221.5453157
714.5050971
513.1243779
1032.0000000
40.4965271
445.0801771
775.3051503
83.1777442
108.5172232
208.7112350
89.8923810
0.0000000
822.5361301
81.0000000
27.9170201
396.6332564
0.0000000
1179.8678985
405.7024983
299.1138320
350.0000000
25.0000000
813.7378382
560.7494671
61.7498344
506.0348753
255.4560261
836.3771490
220.0000000
69.9349403
250.0000000
214.9387520
469.2169090
470.0000000
9.9241291
741.8112247
510.0000000
40.8662736
981.8762719
85.0000000
412.8347819
904.1864707
0.6192472
352.0000000
26.3373465
28.0335973
107.7865679
488.6599039
450.4519469
646.8395687
271.9026959
579.7424400
-226.7419618
198.0000000
586.2558408
180.3385002
132.0000000
346.9957741
9.9241291
198.0000000
369.7519881
457.6320144
1080.7603668
213.9222455
0.0000000
0.0000000
191.0364884
195.0059193
273.9089552
193.3443417
1833.3612061
48.5274313
101.8390078
0.2567831
429.8327882
242.5026953
181.8448220
126.0000000
130.8454465
187.7996486
185.8072826
549.8115354
517.0752374
37.1201457
158.9188311
385.4057203
854.4513161
650.1296935
157.6548806
564.0000000
515.7546823
718.8169862
9.5283798
181.4568807
250.2947942
0.0000000
554.9364474
787.9985589
125.2437618
256.0000000
235.3364963
852.6599039
212.8081165
278.8969308
35.0000000
42.0000000
273.4925994
1025.5826226
107.3468309
888.8151964
673.7806311
235.1186796
552.0000000
827.3325563
221.8889792
756.7909842
663.7135607
346.4952140
691.0251658
732.0716797
155.0000000
565.2447595
658.1877425
278.8653252
705.8010107
623.4393120
134.9615854
36.2120967
396.0000000
400.0000000
99.0583907
764.7137455
840.7424400
351.0302291
99.0000000
17.0000000
30.0000000
1010.9608855
191.0364884
1669.1529436
228.9139299
2023.1329735
558.2992309
339.7945263
344.6187295
0.0000000
724.4020714
937.7234040
375.0883686
641.3015496
312.0000000
44.3062672
540.0000000
180.0000000
74.4493355
522.4521522
1149.8747248
108.4058151
24.0000000
250.8947454
316.5769256
352.4362894
742.6737674
136.6306733
92.0000000
659.3325090
209.8805435
265.0301266
265.0301266
212.9900565
504.0000000
290.5446058
217.8852091
1140.4149694
775.8413513
0.6591066
6.0000000
43.3373465
49.0000000
406.6871004
101.9341526
462.5064955
208.4401281
20.0000000
198.8685993
670.4824367
316.7559988
383.2078708
0.0000000
0.0000000
69.5812422
715.2011556
410.8773412
440.0000000
158.5765103
55.8330543
330.6347612
258.3750683
1373.0456427
484.6524159
340.4793526
175.0142019
148.3749108
94.3722178
144.0000000
836.7596557
108.0000000
79.5656894
699.5911679
384.8819349
353.9941222
537.1356128
40.3257704
700.4280068
60.9729797
385.9976527
248.2512616
133.3098384
1347.6709912
200.0000000
828.9912756
615.9496472
460.6476824
78.0000000
1254.7655912
605.3628014
630.7324021
100.5799586
499.4148136
0.0000000
1125.7324021
117.0000000
194.1167546
918.2871985
72.0000000
1007.8407398
179.5716119
213.1911043
353.9595760
107.2463988
180.0000000
55.0000000
68.9992447
313.7220335
0.0000000
61.7893039
168.0000000
234.0000000
664.2053343
646.8395687
296.3783338
154.5511476
192.8035058
579.5466150
134.2415362
258.3893587
267.4458929
96.0000000
885.8555532
-215.8332458
10.8543637
835.2022317
0.0000000
774.2439337
812.6248774
275.8761657
646.4195792
293.5190516
509.4550186
138.0000000
1025.4323005
555.0000000
374.0000000
30.0000000
22.0000000
218.7580379
566.2439337
558.4633194
326.0811922
1060.6295013
959.7878816
67.9523444
414.8322767
442.9030563
88.5560805
459.0331891
168.8910964
707.3663757
1098.6284320
46.7529370
350.0000000
1170.4678318
0.0000000
480.8665890
123.9073381
0.0000000
317.5610558
78.0000000
715.6444447
818.9090098
220.4498329
220.0000000
701.9996600
160.0000000
130.0000000
353.9941222
248.2512616
209.9996600
619.6603442
864.4989315
287.2437618
297.8278598
713.0000000
455.8351400
734.0461071
659.7559988
642.6377312
924.0000000
545.3388156
85.9608891
272.7135607
411.8910964
600.9856306
659.6187295
181.8448220
52.0000000
458.2247288
94.8774353
224.0440178
162.3500887
411.8756756
12.9249237
41.0000000
499.4148136
912.0000000
552.0866317
551.7521601
106.7529370
310.0000000
66.1030770
17.4529292
72.2971416
803.7476144
356.8802561
283.2787269
1320.2988566
490.5824296
32.0000000
122.0074956
1103.9027220
343.3738263
0.0000000
201.9163089
937.7977200
180.0142019
192.8347819
74.6758467
1163.1529436
1627.0780018
110.0537811
267.9857457
104.0000000
813.8770272
16.9891792
0.0000000
1063.9599595
174.7913523
235.5801004
147.3752460
697.6290603
37.1230998
75.0000000
15.0000000
1384.2034762
196.9200554
273.9089552
139.8454465
686.9599595
148.3749108
73.8764845
1055.4323005
29.5772656
364.5908526
368.1613076
294.0000000
317.7236891
-580.6817876
1370.3290857
616.6709912
134.6979882
547.4738782
329.9840572
652.5849483
457.8926970
1319.3663757
677.4236405
224.9838909
361.0000000
854.1419636
602.7793604
1241.4491408
202.6840493
47.8390078
378.4263897
184.0000000
430.5653494
642.9181590
831.7040254
198.0000000
193.4938885
1510.1808888
171.4717050
327.7156717
1244.5253549
71.5702173
726.8947555
594.6151691
196.5442893
61.2312309
297.1081266
83.7537732
381.3303307
59.3714625
471.7521601
140.0000000
802.9225225
985.8920795
129.1408523
267.8770721
399.0000000
670.2913772
1457.6967064
28.8720700
850.0000000
83.2463988
351.1988300
234.5511476
67.9584828
1402.4226170
88.7112350
292.3528579
663.8565020
774.0541719
0.0000000
161.0302291
200.5318027
281.7159080
226.3300726
175.0913601
1397.2854136
120.0000000
435.1992430
598.9864334
766.8554008
376.9517562
264.0000000
4.0000000
134.9517562
86.3332643
231.0302291
496.0811922
374.0000000
1282.1613279
346.7779381
155.3355776
1152.0000000
145.8760156
116.3385002
205.4879350
154.4692729
75.9163089
255.9996600
113.2827152
468.0000000
370.8169862
740.0385778
72.4008466
1018.3961936
303.2442878
457.4793526
861.6969806
92.9856781
75.3008440
182.2581881
566.5815718
724.9189143
821.2006725
11.9387520
487.5400634
477.6545406
506.9191058
504.4020714
600.8690917
893.7878816
36.0000000
893.3325090
366.5672421
110.0000000
12.0000000
1003.5193670
679.8143267
68.0000000
86.9565008
921.8169862
945.3663757
700.4280068
292.9856781
701.7696403
0.0000000
444.4793526
265.2888407
103.6178729
506.9856781
314.7860820
131.7902289
113.5702173
212.4008466
504.0000000
207.5181824
652.4951589
901.8947555
134.0257152
107.2503108
240.0000000
917.4458929
492.9992231
466.9222455
235.4051667
546.5186896
471.7521601
361.4552548
406.1136520
20.0000000
201.3225574
1182.0097361
425.0003154
538.9364474
732.9181590
51.0305691
807.0331891
512.0000000
151.9409354
1015.6354548
1217.2395831
246.0573708
150.7508506
1036.5825517
18.0000000
110.0000000
951.7097939
991.4777395
648.0000000
660.7960491
15.0000000
1536.4120640
83.3500040
279.0913601
297.3628014
751.1564916
364.7494671
216.8418083
953.6188301
957.6215370
900.0871342
591.7803975
188.1777442
712.2106161
12.0000000
14.0000000
214.4250802
619.1114213
783.1686008
782.7424400
695.8690403
645.8522185
38.6576259
762.7552627
329.8413056
197.2463988
182.0000000
164.3831931
1103.5849483
478.8773412
1189.4603735
684.0000000
180.8407354
1520.5619410
1410.5730740
-666.6938271
141.2294320
24.0000000
56.8855711
276.9803363
599.7521601
66.0000000
291.6983790
532.7769822
184.2331085
161.0000000
1005.3325090
315.8691344
985.1627230
597.9174037
1692.5458385
208.0000000
315.2203574
217.8852091
0.0000000
279.6900486
104.2189066
607.8947454
810.7182946
453.5057613
1167.5514890
161.8072826
141.3074863
727.3700330
178.8931363
54.5802937
728.1383572
72.9864076
199.4581125
378.0000000
87.0000000
79.5656894
150.7508506
379.8610637
636.2176643
104.0000000
547.8706000
542.7385935
922.9899765
322.2940476
44.0000000
809.9249950
522.4521522
203.8157127
721.7771828
1306.4852477
444.8526819
592.1114213
798.7961779
1362.7629809
429.0000000
151.5442893
853.2315127
634.6741058
240.4007835
0.0000000
368.5318027
107.3752460
485.3245281
150.0000000
66.9466199
0.0000000
381.5826226
30.0000000
59.9838909
1028.2252533
827.8563981
344.0000000
737.8969308
136.9861088
673.7806311
444.9840572
741.0460024
528.0000000
681.2767275
81.2960570
143.0000000
499.4938543
962.8734726
658.7270174
951.7097939
29.6587666
468.1613279
84.0000000
135.0000000
81.0000000
162.9857457
1217.3663757
694.4359494
553.8762719
742.2093540
48.0000000
304.5048093
351.0000000
331.6192114
219.7156717
348.7996036
255.1408523
418.4552548
245.8327882
0.0000000
322.0878895
556.5431443
-408.7518081
171.0000000
122.7949522
392.0000000
1706.1339966
217.9576338
526.0657604
459.5400634
1014.6945610
313.4995020
571.1281618
55.2665724
165.4277733
150.7508506
74.0000000
168.0000000
98.4140218
39.0000000
1328.5361301
62.8724668
533.8057692
152.7559988
1090.4489955
767.6603442
88.0000000
126.0830915
115.0256936
397.0539525
334.4250802
104.5318027
165.4277733
180.0000000
378.0000000
420.0000000
395.4323005
281.0640485
778.5012548
95.0000000
537.4369863
171.3122038
880.0000000
733.6741058
1233.2252533
434.0000000
45.5772656
875.8737763
296.3783338
38.9992447
605.6215370
407.9900565
923.6106635
204.4489955
128.2446846
802.4217475
316.2852248
97.2046968
1022.6742337
76.3385002
672.7402531
82.3752460
357.5412978
351.6927848
56.0000000
274.2962071
432.8078864
10.0000000
448.7900955
744.9198982
531.7069867
69.0635001
1026.5656893
653.1613279
225.0000000
130.0000000
308.4573659
104.2189066
270.2060882
1070.2981013
38.0000000
37.3001016
33.0000000
240.0000000
569.0443332
230.0000000
83.3500040
316.2294320
900.3370591
279.0871342
32.0000000
1628.9870970
183.3738263
390.0000000
373.8756756
11.8449614
399.0680308
319.8491242
168.0000000
1598.6106635
269.2463988
1010.0333653
72.0000000
115.2583058
78.0891059
864.4989315
475.2294320
599.7521601
394.8382302
11.0000000
16.8662743
901.8969308
285.5850424
568.1176806
216.2446846
332.8631809
1032.0000000
775.8413513
305.8413056
357.7597649
465.0000000
376.7193574
342.0000000
106.8322619
266.9983869
0.0000000
1066.0000000
108.4058151
28.4963193
34.6407388
336.6992129
595.0000000
563.9070268
1134.0000000
51.9523444
0.0000000
160.0000000
518.5446058
248.2442878
5.0000000
104.8035058
263.9387520
394.8382302
95.8783838
282.5994688
889.6803592
417.9445463
165.0000000
249.2962071
87.1973636
281.0621115
210.0000000
148.3749108
84.0000000
454.6772381
483.6445452
107.8330543
218.1295004
643.7462066
119.9856781
54.6615776
790.7317049
25.2665724
138.3195196
184.2331085
1379.9568679
365.5848990
434.3984283
1398.4777395
558.2878227
488.8797202
321.7909842
372.1408523
1089.5022396
325.1381639
128.0000000
92.8815601
321.9965294
26.0000000
0.0000000
173.3303307
607.2437618
123.8321047
800.6720435
695.9568679
1292.0000000
198.7112350
0.0000000
75.0142692
403.8414907
0.0000000
496.4045034
1332.2592868
838.7185628
311.3222997
111.5551365
212.8081165
123.1014561
247.0000000
612.4953770
645.0283298
285.0000000
396.7282763
43.9606554
14.8866634
949.3087850
346.6444447
547.2344180
286.4108794
268.9222455
865.4152143
0.0000000
122.4586775
16.3158707
29.0143297
297.7460346
0.0000000
637.6290603
968.2349369
116.0000000
481.0000000
997.1114213
551.9056291
0.0000000
25.6344795
205.6709679
385.0469846
1221.0000000
458.2805399
350.0043062
536.8608336
104.0000000
44.8905937
1065.6993063
473.4164105
240.8832947
662.9750777
977.6256327
30.0000000
1188.8272364
216.0000000
1842.6918527
165.4277733
287.9965294
528.9198982
0.0000000
389.0383333
0.0000000
100.0000000
15.1713515
128.8004039
150.3831931
99.0593753
109.3772493
299.0000000
962.0000000
167.2782819
256.6440335
673.8217777
468.0000000
731.7050581
1476.4121246
556.4952140
357.7909842
43.0385994
938.9870970
7.3755860
1109.8875381
474.4561031
384.0000000
13.1058010
38.0000000
128.7529377
231.0000000
781.4915070
514.8858865
286.2027975
69.6108628
47.9046889
132.0000000
111.8585034
348.0000000
1579.5151829
540.8690403
294.8178356
0.0000000
25.0000000
144.0000000
364.0000000
41.0874086
286.5824296
682.3750683
0.6192472
9.9442737
1617.6182599
292.5434347
522.4521522
453.1992430
385.0469846
104.9079764
800.0000000
237.2651528
338.9079764
656.0000000
-708.4280481
55.0000000
184.2331085
4.9620646
1277.2415864
131.0302291
42.8673583
1258.0765470
889.6803592
167.8957620
226.7664144
1021.1149615
435.0000000
600.0000000
876.6411393
144.0000000
81.0000000
38.6344795
180.6993280
119.0000000
126.0000000
521.8548981
730.4869613
761.9631272
586.7273380
513.4369863
444.9916992
37.1201457
668.4263897
782.5048093
195.2598514
121.3606417
0.0000000
254.7969555
173.8923810
238.0000000
13.6677591
494.8491242
615.0000000
631.8831927
657.1272284
738.7960491
463.7657525
220.4498329
78.0891059
838.2093540
342.0013095
74.5802937
152.0000000
80.0000000
188.9448775
118.8662736
11.3857844
151.9409354
662.9870970
422.2582716
510.0000000
143.3738263
0.0000000
63.6615776
738.8312554
215.7220335
1655.2011556
63.0619452
233.8830257
611.7721908
449.0468786
71.3993022
211.7878816
548.1805514
48.0000000
548.7135607
27.0000000
607.6687286
231.0000000
542.8160932
220.4498329
0.0000000
1793.2864300
417.0331891
80.0000000
334.9992224
150.0000000
156.0000000
468.3111353
106.3300726
368.1613076
61.7687618
101.8390078
160.0000000
345.0000000
6.0000000
628.9341001
414.8322767
619.6871519
23.0000000
17.0000000
184.8454465
479.6456347
172.2584778
300.7552627
1049.9856781
456.5906328
724.1780863
701.6985510
234.3111353
371.2109671
495.6710744
59.8143267
253.9030563
970.8530537
52.0000000
693.6083378
173.9026959
584.9996600
639.9056291
444.2699022
15.0000000
593.7742892
154.6219044
270.2060882
226.7664144
274.6884355
497.3334023
274.3476567
0.0000000
108.0000000
31.3158707
43.6178729
23.9523444
45.0000000
352.5984125
727.3700330
316.9856781
796.2294320
719.9610465
179.4824367
-144.2265838
81.0000000
280.2828872
14.5422801
63.0000000
974.1820205
0.0000000
704.0000000
1186.3124339
802.2452389
161.3074863
575.0000000
131.2229176
330.2089631
129.0284710
339.6507040
177.9707514
592.0000000
235.9127544
1024.3845026
587.9445463
421.8770272
264.0000000
312.0000000
524.8797202
322.4692729
726.0000000
214.4668842
155.2827152
1121.9599595
238.5047046
169.8978480
44.4410249
974.2137187
1004.6628910
317.2499708
941.1626171
81.0000000
427.8926970
51.0000000
319.8491242
11.2140587
176.5835593
247.7660513
409.3329507
552.0013095
10.3304126
216.8418083
794.9181590
69.6615776
863.6463591
0.0000000
722.1412973
23.6521006
384.7871263
0.0000000
368.1613076
385.6704569
-141.8347564
342.2708951
253.7580379
75.0000000
908.4079684
167.8957620
131.2137187
858.0000000
522.4521522
0.0000000
119.7618436
892.4458929
102.0000000
298.7793604
24.5428061
791.3223774
422.1686008
646.0000000
1217.3470826
1150.9912756
740.0385778
532.0000000
170.7051755
111.3195196
43.8728253
773.9599595
11.0000000
290.3417031
140.9079764
420.0000000
1144.4222159
909.4314037
660.3225574
771.9798763
559.7998157
704.4989315
252.5716087
268.2176643
460.0000000
83.8255214
838.5889910
7.9894471
358.9744003
393.8761445
248.2512616
1244.0592692
141.8347564
467.9518653
407.9208520
143.0000000
686.8971028
628.5556659
149.6900486
86.7529370
320.5824296
335.9572079
81.9267335
908.6184344
622.3639075
581.6440335
165.0000000
181.4998420
0.0000000
25.9610465
78.0000000
15.0000000
123.7112350
587.9864334
874.7420642
0.0000000
86.6162073
162.0583907
1386.1318677
1038.0104317
340.2498872
69.6108628
96.5245674
272.0000000
362.4730932
31.0000000
828.0854244
102.0000000
686.7960491
13.3373465
1170.6500081
347.0878895
25.5022729
0.0000000
182.9552046
96.0000000
416.0000000
800.0000000
-8.9143316
322.2940476
30.1713515
366.9440436
39.0445530
1209.1529436
80.9553136
570.1970236
91.2683855
338.1955353
3.9680181
-375.8974444
429.2437618
1251.1950242
1033.4217475
118.5351203
121.3606417
573.7464756
133.0000000
286.4078184
928.5707127
54.4734332
466.0541719
171.0000000
374.8441837
238.0000000
108.0000000
492.2439293
1586.2350374
241.5714491
836.7779381
453.5057613
779.4513161
775.8413513
415.2556330
407.6608000
361.0383333
517.7459945
215.8332458
901.1685706
530.3463450
141.7947194
0.0000000
1048.1678239
518.9658788
149.9491421
549.8115354
27.8330543
369.1911043
775.8413513
320.9181590
517.5883071
722.8209139
939.2631742
54.0000000
40.4611694
211.0893508
175.0000000
673.7806311
56.0000000
408.5164144
192.9198982
61.0142692
27.9170201
11.8390078
425.0897343
1814.8414232
9.9507017
884.2964494
699.5911679
957.2988566
117.0000000
16.5904922
55.2665724
207.4633194
395.7400811
699.5911679
495.0000000
18.0000000
651.7546823
849.3845026
599.7476144
32.0000000
1015.0043062
1090.7912711
354.8858858
220.4498329
460.6463591
0.0000000
96.0000000
506.0000000
88.7563860
486.0000000
313.5209292
0.0000000
918.8180874
193.8286564
681.9959219
664.8690403
195.9070268
124.6993280
425.7771828
160.0529472
286.0000000
826.3489662
205.4104570
132.0000000
352.4362894
142.8702252
200.4397369
215.1638530
198.9303825
429.9325557
1025.2459942
270.0000000
581.7882670
208.0000000
382.6992466
18.0000000
62.5802937
1272.7185628
93.5772656
607.6290603
24.0000000
47.8302660
88.0000000
1090.8286564
677.7121231
538.9838909
616.0000000
192.9943155
28.3001016
48.0000000
1287.1272284
581.8585034
911.6147305
232.7317049
1029.5423890
531.9131523
23.6187295
390.2962071
75.8330543
200.6334805
981.1566635
460.0000000
899.4920692
120.0000000
1218.7559988
1404.6720583
11.3857844
882.7629809
924.7494671
428.7128155
700.7494671
854.5769256
1017.4369863
861.2102726
275.4326405
1003.6444447
600.6386458
337.9030563
96.0000000
1296.7534696
514.4952140
896.6233758
1020.0000000
1126.9899765
285.5850424
227.7936773
597.9857457
925.7904934
214.9634113
619.2022317
835.5314839
895.3160794
573.6655764
42.0000000
416.5744159
413.2252533
611.7721908
609.0000000
400.2804551
498.0205456
466.5883071
78.0891059
74.5765103
68.2921731
178.0407531
17.9548266
624.0000000
1985.2918243
1013.4920692
58.3300726
464.8276445
280.0000000
216.6095720
20.6187295
798.8734726
446.4401281
409.2237803
823.6871519
434.6992977
166.3216882
656.9445463
853.8435202
28.8662736
84.9690958
1167.6687286
466.9222455
587.7581136
6.3406372
120.0000000
89.8302660
2.7952922
175.0000000
0.0000000
1876.6378849
222.0000000
453.9166107
506.9191058
506.9838909
332.8631809
782.5048093
837.0000000
239.7580379
63.2229176
554.8971028
492.7603668
415.9551687
715.1502905
586.7273380
234.7376584
99.4668842
1116.5828671
1357.1891464
832.0000000
477.0331891
826.3489662
1227.2712117
51.9996600
1066.4217475
1251.1542315
63.0000000
109.7913523
939.5190516
545.8315855
1359.9094610
88.0000000
131.8465310
404.5446058
458.8421289
169.5415440
702.4573356
180.0000000
132.3752460
110.0000000
121.5351203
424.9976527
66.0000000
258.4309122
379.7546823
480.8665890
104.6674191
381.6630542
1135.8264811
0.0000000
722.0104659
752.5040048
443.7791804
654.1780863
741.3663757
24.8856420
173.3303307
6.0000000
60.0000000
242.5026953
18.8724668
204.6871519
558.2992309
145.0000000
212.8394303
32.0000000
412.9181590
94.8774353
36.0000000
576.0000000
598.7882670
608.0000000
167.2782819
286.4568807
784.1886392
30.2582512
777.0844010
110.5040877
1334.0250546
24.0000000
156.0000000
94.9440436
90.9517562
26.3373465
978.4538696
235.3364963
1148.9181590
84.8905937
107.2503108
311.4633194
6.0000000
400.8193616
208.8923810
885.8555532
51.0000000
2.7952922
215.1638530
35.0505065
194.8302660
576.0430790
298.2558408
753.7412865
434.0000000
999.1356128
653.5831849
162.3332643
132.4164105
714.0000000
125.9327985
594.8254266
834.7841420
925.0000000
114.2523523
781.8454572
494.7521601
330.0000000
260.0000000
630.1977749
255.4894263
139.3515484
526.9030563
70.5714491
44.3062672
655.9546422
211.0893508
43.8449614
348.0000000
345.1992430
506.8756756
606.4042607
1154.8272364
531.5008985
380.5318027
466.2558408
587.7581136
76.4550099
271.3515484
0.0000000
418.7257513
270.2060882
305.8716166
675.0000000
110.8561302
124.7052815
69.0000000
340.7379582
419.2971502
11.8543637
32.5571359
219.8685993
357.0000000
38.0000000
253.7580379
94.4668842
168.8910964
377.5296046
245.8135709
265.8430827
586.7902289
599.7521601
599.7521601
657.4137377
280.2934826
345.1992430
116.2442878
140.9610465
322.9216073
118.0529472
400.8193616
750.4874230
120.2864177
63.6521006
145.9606554
686.7135607
509.2841041
1744.4898939
120.0000000
200.0000000
139.9046889
47.9523444
113.9079764
214.2582716
73.9856781
344.4855877
152.7773028
1571.7692401
61.5442893
56.8686934
9.0000000
372.0000000
229.2642251
27.0000000
395.7014817
1211.8407398
0.0000000
0.0000000
599.1353780
1092.7459008
367.8295837
979.2925059
681.2767275
96.0000000
59.9523444
94.8774353
211.9343245
639.4263897
560.3966048
312.0000000
556.6126264
1294.6490909
213.3628014
0.2567831
12.0000000
56.3000079
486.2093540
349.6743908
109.6187295
834.4755388
154.7014817
1073.0000000
467.7936773
13.0000000
281.9167900
778.9304512
110.6238264
153.9758546
263.1353780
772.3317787
104.0000000
476.4998078
1209.9959219
208.7052815
190.8574147
207.9857457
775.8413513
657.4137377
335.8327882
0.0000000
290.3417031
420.0000000
49.4304719
196.0000000
358.9744003
94.5351203
420.0000000
252.0000000
276.8746561
105.5018493
429.9325557
447.8706000
19.7922006
206.5602738
240.8685993
81.0000000
986.9983869
1224.5396847
170.6385081
572.0000000
52.2086484
21.6190695
407.0000000
75.0000000
516.4874230
80.0000000
22.7543354
13.9349403
286.4156638
366.3243868
39.9523444
1176.7494671
229.0036489
461.9245156
29.0000000
14.0000000
306.0000000
610.9975349
1453.4773808
65.9581960
281.9167900
136.4135041
322.1114213
718.0424478
529.6742337
219.5850424
50.1720858
651.3368872
1410.5730740
3.0000000
160.0000000
14.9974778
108.9943155
80.0000000
236.8797202
97.0529472
1259.5423890
190.8574147
370.8618965
708.4526547
305.8969308
389.2137187
92.0000000
721.4145269
595.0000000
36.0000000
0.0000000
255.0000000
72.0749220
30.2582512
244.5602738
104.2189066
96.2864177
135.0476155
480.2137187
8.5799374
0.0000000
237.3212479
899.7378382
32.4877630
215.8177750
228.5883071
157.6548806
272.0529472
200.0000000
29.6655284
695.6291873
338.1955353
394.9216073
354.8858858
264.0000000
384.0000000
187.0000000
176.0000000
0.0000000
19.0000000
1711.8311354
18.0000000
470.9576338
358.8702252
121.4164105
-98.9881170
242.7621036
336.8832947
135.6704569
206.7051755
1338.6284320
383.2078708
262.2851835
341.0000000
1443.9815921
228.0000000
34.2921731
57.9917933
60.0000000
592.5824296
422.1718664
229.3328963
783.0000000
160.3303307
701.3283304
710.7696403
178.9198834
-0.0000000
114.0000000
14.9507017
285.0000000
323.4657424
900.0846691
-45.2381391
12.0000000
45.2965471
1050.8737763
220.4498329
394.2558408
453.5057613
1055.7185628
476.4998078
167.2782819
228.9387520
78.0891059
322.0000000
306.3357496
262.8295837
-547.8137533
1.6340960
487.2934826
-141.8347564
1012.5408187
326.9043454
36.0000000
266.3463450
918.0753144
527.8677601
247.7777598
374.2582716
39.9518653
528.1283337
202.9965294
270.4489955
621.2011556
132.0000000
177.8910964
185.1425881
208.0000000
390.9070699
128.0000000
879.6432565
262.2997616
30.9992447
0.0000000
12.0000000
336.0000000
200.9100312
367.9174037
703.8119218
0.0000000
574.4483924
540.1296935
442.6358062
0.0000000
145.0000000
234.2961340
306.0000000
588.7494671
14.0000000
787.6628093
41.6249889
594.5446058
353.9941222
1410.7057400
881.7731948
156.0000000
1547.6061178
540.0000000
347.4738782
715.7251398
679.0906603
784.4698737
777.1970236
124.9139299
255.3628014
366.3712297
1055.7185628
331.6385081
416.3831931
816.4514881
60.0000000
482.8811529
403.9864334
214.8019509
558.6083378
24.9940465
731.2514233
1194.6284320
275.4326405
374.6590347
522.0000000
891.9803363
84.6091243
965.6327036
1077.7052853
424.6452964
223.9281991
40.0000000
802.8288284
311.2437618
105.0000000
497.8706000
615.7487118
236.1412973
281.5047824
272.4568807
151.7929529
30.0000000
10.0000000
50.0000000
671.7045045
392.9523221
21.5763829
1013.9815921
13.8844000
1015.3368872
252.5716087
438.5209292
720.0000000
362.4401281
37.7475139
616.0000000
1010.9608855
210.0000000
304.0000000
385.9976527
437.0283298
114.0000000
255.1033931
53.4877630
195.1033931
1267.9181590
549.8115354
870.2452389
96.2294320
526.9440436
872.6601365
226.7238303
1158.2093540
801.3325090
1095.5769256
269.4243249
225.9525115
368.0000000
-349.7216704
200.0000000
637.1722227
233.8770272
8.0000000
657.1529436
215.1638530
616.3528579
35.0000000
364.7459008
22.9548266
606.4256344
761.5435124
523.7936501
1089.0544873
959.4393120
7.8574046
178.9198834
104.0000000
86.6576259
268.4276320
108.8720700
634.2494648
252.9943155
152.4730932
820.9030563
186.0000000
769.4777395
1036.8254266
1542.0938088
48.4397369
1889.4145343
368.8832947
236.8347819
1086.6048420
1335.0908161
642.6377312
400.8193616
372.2962071
317.0036489
726.8315855
447.6378021
876.6090460
128.0000000
0.0000000
704.8519043
295.5858779
84.0000000
722.7841420
491.8286564
320.6233758
109.7913523
74.8967593
315.2203574
551.4552548
106.8322619
237.7925841
893.3325090
323.4128886
182.0000000
504.1342873
76.6863997
840.0043062
942.0296346
60.0000000
0.0000000
635.6704569
0.0000000
162.3267762
522.8347819
1669.0611277
334.9992224
514.8858865
314.7839700
99.3212479
65.8390078
211.0302291
23.8855711
617.7959414
336.0000000
290.5672421
333.0000000
156.0000000
65.0000000
114.0000000
12.0000000
0.0000000
644.6964338
1129.8333523
1296.1356128
215.8654510
777.9833984
211.2851835
8.0000000
361.4290058
929.2137187
84.0000000
42.4493355
82.9638931
527.9507119
0.0000000
672.8677601
1539.1272284
1410.5730740
32.3373465
800.6720435
205.6709679
90.4489955
120.8245815
144.9525115
0.0000000
176.5835593
536.4681937
26.0000000
56.4519469
378.0000000
180.5048093
678.2093540
324.0000000
385.0469846
1243.0251658
191.0364884
679.0906603
100.0000000
775.8286564
216.8035058
265.2888407
898.6455562
752.6967064
111.8978480
83.3500040
70.1030770
1315.2239372
1164.3082333
484.2642251
840.0000000
1152.4007835
0.0000000
389.8761657
286.0000000
433.6195184
804.6628093
27.9582980
670.9440436
370.0000000
414.8322767
49.7618436
255.7400811
3.0000000
15.0000000
311.3222997
319.4298604
50.0000000
849.3845026
51.9581129
188.5209292
978.6599645
442.4458929
0.1705883
964.2578913
30.0000000
311.3222997
209.4568807
625.4401281
414.4021561
243.6507040
63.1086735
262.6840493
99.0000000
457.0741444
24.0000000
377.7763055
273.0000000
836.0000000
35.0000000
62.5802937
0.0000000
30.0000000
447.2962071
1439.6155555
563.4550186
282.9364474
360.8254266
675.0000000
384.1864707
333.6983790
96.2864177
62.8196044
384.0000000
89.6655284
300.0000000
15.6615776
362.3513135
559.3225630
18.0000000
623.4393120
212.8394303
62.0000000
611.1529436
0.0000000
602.1295004
102.8438380
184.0000000
20.6165473
198.3059272
534.7521601
159.7913523
606.5466150
544.5408187
1150.4922412
348.9803363
601.6444447
998.8280310
168.0000000
540.2439337
626.7629809
77.5078723
627.9209611
24.0000000
821.3236092
258.2651528
250.2947942
741.9102648
350.8160932
937.2953571
187.7996486
534.1564916
1539.1272284
73.7893039
51.8180600
160.8702252
60.0000000
28.4963193
48.5769256
173.9327985
165.5848990
294.2093540
235.7393469
33.0000000
276.0000000
667.8355372
242.7621036
167.0749220
158.9222455
1112.9181590
156.0000000
439.4217475
317.5610558
334.7377338
93.8761445
89.7475139
987.2888894
400.2804551
32.7788650
48.0000000
947.9341001
163.0476155
302.8286564
123.1033931
989.6603442
1007.2006725
95.8855711
193.4938885
310.8019509
252.5446058
325.4104570
116.7559988
264.7076072
1386.2988566
552.0866317
370.8734726
773.7996036
341.8239611
2077.9027378
0.0000000
233.8805435
1656.9572515
876.6411393
20.0000000
454.6772381
0.0000000
0.0000000
255.0000000
118.7052815
1471.9386308
132.9864076
229.3328963
97.0749220
104.0000000
27.0000000
661.7779381
798.7961779
358.9744003
600.9856306
908.6599039
71.2683855
198.3332643
352.4362894
908.9266388
220.0000000
216.0000000
163.4730932
190.8574147
252.5716087
315.0000000
1175.2395831
1276.7771828
200.9100312
654.8669510
195.5848990
379.8831927
83.3500040
587.7581136
1224.5491156
230.6576259
1042.7288475
339.5411930
453.6326579
20.0000000
64.0000000
61.3464398
1002.6431129
56.0000000
184.2331085
1032.4741936
50.0000000
1106.8734726
60.0000000
672.0000000
9.9241291
1476.4121246
220.9729797
811.1638171
204.7913523
67.0200307
184.3059272
121.4717050
22.0824884
215.1638530
993.7385935
1700.5431443
11.6344795
635.0883686
306.5008985
318.3415972
-464.6938271
353.9595760
88.2371194
552.0895066
93.9690958
168.0000000
171.0284710
181.7518447
484.8050225
42.5012548
1872.9964680
310.6320144
1096.9040054
465.7627130
1466.7779381
613.2050893
615.0000000
509.2795914
448.0000000
199.2642251
657.8299294
824.9189143
129.9581129
54.0000000
1617.6347612
420.2349369
268.7128054
0.0000000
1115.7735339
1364.9523221
349.1672611
19.5499284
423.4730932
141.2864886
215.1638530
836.3771490
106.8662736
48.0000000
281.9167900
161.8553749
242.5026953
536.6647515
617.1530067
360.9198982
90.0000000
856.0519217
852.2997616
1362.8400496
144.8478147
448.7830643
69.0000000
55.0000000
275.0000000
148.7163490
396.4483924
26.0034483
658.4777395
284.4021561
0.6192472
1257.2627840
0.3162107
744.0000000
280.0000000
38.0000000
575.4894263
262.3831931
1417.2539065
263.9387520
739.0930535
1065.7234040
198.2728075
1271.0930535
44.8390078
1449.6302155
345.5848990
0.0000000
70.0000000
693.0482171
55.0393547
171.5081086
1370.1436785
327.7220335
116.9463909
1309.8335270
26.0000000
392.6233758
324.9635531
68.6642706
60.0834315
205.4879350
1057.5761703
730.8677601
912.8690403
1421.9774495
24.9992447
304.4874230
358.6403988
80.0000000
837.6828413
232.7580379
406.9965294
44.9588682
216.0000000
353.9595760
0.0000000
1089.0544873
50.0000000
329.4006117
341.9327985
542.8160932
38.8390078
220.0284710
720.0000000
1723.6336806
409.2237803
473.9424009
311.7909842
220.4498329
19.7788650
435.9912756
1122.5218004
641.7104581
381.6215370
153.7519881
361.9209611
198.9214531
28.4529292
1179.8678985
395.4323005
616.4489955
426.7696403
1018.3961936
398.1709179
136.9861088
1096.6875039
316.8756756
1213.7664208
354.8858858
943.0208022
523.3324538
35.0874086
233.9281991
-237.4834226
33.9581129
312.0000000
100.0000000
448.0000000
890.1709265
1140.4149694
336.0440178
11.3857844
32.0000000
475.4298604
49.5379985
12.0000000
536.6647515
222.8286564
710.1757772
708.8971028
7.0000000
141.6105228
180.0000000
536.4079684
585.1817051
565.0897343
1011.6674367
1400.7415940
88.3300726
585.0000000
10.9507017
110.0000000
713.1805514
135.5529902
39.4196038
599.7121231
99.0000000
16.9548266
48.0931254
619.8197421
591.6745450
761.5435124
413.4418339
247.0000000
72.0000000
594.0000000
0.0000000
8.0000000
0.0000000
231.6167821
353.1805514
152.7543354
32.5274313
347.4489955
924.0000000
479.7973335
31.5274313
562.4681937
30.0000000
477.6545406
8.0000000
85.5772656
522.3135133
577.3628014
338.1807110
632.3254800
117.2960570
1010.9608855
140.9385892
137.8805435
162.3500887
560.0000000
91.1725415
182.0000000
575.9685045
92.0000000
270.3103262
51.0000000
535.4952140
690.7629809
320.8832947
0.0000000
201.2027975
738.0000000
45.4822579
1296.1356128
190.0000000
0.0000000
836.3283304
513.5435117
651.5664868
436.6630542
432.0000000
940.3290857
517.0752374
533.8057692
308.9957741
1047.5953650
80.0000000
63.0000000
57.0142692
666.6284320
126.0000000
725.9959219
563.5246851
357.3386560
404.5318027
290.7912711
38.3722178
432.8078864
844.6849586
546.0000000
641.7104581
1042.1638171
395.8796933
51.0305691
252.0000000
228.4925994
576.9198982
293.5150407
243.8770272
121.3606417
29.7731948
66.5802937
1384.2034762
499.1000595
740.0000000
152.7773028
40.2086484
48.1086735
283.7455426
720.0000000
17.9880930
23.9349403
379.8610637
853.8435202
363.0000000
80.0000000
968.3254800
1991.3337319
428.7128155
272.0000000
175.5074755
258.1947532
136.0000000
1438.6227601
58.8662736
122.5318239
9.8449614
540.0000000
942.9551687
0.0000000
195.5109749
238.3303307
0.0000000
27.9170201
8.5799374
137.0635001
299.8321047
369.5940554
289.7014817
384.0000000
817.1950242
494.0905825
108.9312462
312.1581047
1.6340960
111.7159080
406.2106161
59.9916156
428.7163490
265.5296046
79.9046889
115.8958293
330.0000000
82.3492090
936.0000000
339.5411930
913.5209292
220.0000000
260.0000000
350.0000000
63.0000000
1343.2395831
836.7779381
792.0000000
415.2556330
11.2499205
1084.7279507
72.9727520
13.6190695
216.8097592
164.6183895
758.8160932
-281.6960809
38.9615725
30.1086735
40.0000000
9.9241291
505.5796186
150.3668616
150.7508506
121.0000000
128.0000000
340.4793526
589.3528579
849.7696403
663.4176885
-0.0000000
85.0000000
24.0000000
601.0972795
336.5412978
41.4114996
520.3254800
320.9209611
390.7521601
252.0000000
305.7929529
621.9608085
340.7379582
480.8665890
552.0895066
75.8286564
1604.2871985
242.5026953
330.0000000
109.2851835
181.4998420
232.8926970
917.6061178
69.0976195
398.1709179
632.2997616
0.0000000
270.0000000
44.0779264
0.0000000
260.0891912
73.8764845
48.1438223
486.0000000
120.0000000
224.0000000
552.0895066
192.0284710
504.0000000
986.1613279
471.8351400
311.6630542
52.0000000
110.0000000
78.7652062
255.1033931
1004.6233758
206.9198834
299.5968061
375.5529902
178.4692729
10.0061656
21.0000000
1153.6203317
508.3772493
243.5318239
864.9048514
265.5848990
97.5714491
336.0000000
73.9523444
359.0930535
818.7580794
306.9661345
307.6507040
1015.7014817
126.0000000
112.0000000
144.8832947
893.6403114
255.9976527
456.8347819
285.1977749
134.9864334
101.5772656
19.7922006
272.5109749
106.0997442
649.2975428
180.4029511
409.2170398
1374.2793470
400.8193616
1200.3225574
360.9296266
368.2275927
119.8905937
27.2055451
400.8193616
560.2984597
345.0000000
571.1764850
107.6871519
93.7112350
269.5353784
35.9610465
365.5653494
24.0000000
1286.8293405
20.0780543
767.2499708
0.0000000
558.9658788
471.7521601
27.9170201
800.6703191
723.6993063
100.5799586
258.9864334
627.9965294
497.3334023
856.9864334
35.0000000
130.4493355
396.0000000
91.8630090
288.6095720
585.7938621
1262.2260383
162.0000000
576.0000000
224.8245815
551.7521601
252.0000000
3.0000000
210.0000000
381.8394303
1057.6290603
313.8055402
253.9864334
0.0000000
653.5883071
45.0000000
780.0000000
195.7936773
673.8217777
343.8654510
295.2411852
136.9861088
725.4127580
271.4298604
557.1709265
1100.7128784
9.9548266
240.0000000
576.8032088
551.7521601
-559.8137533
33.9690958
1028.7735339
242.0000000
5.0000000
73.9758546
40.0000000
51.8180600
156.0000000
1003.1950242
996.4807019
95.7865679
105.0000000
605.9174037
575.9732951
394.2548463
510.8112247
90.5038526
200.9100312
1238.6106635
718.8055402
0.0000000
145.8923810
58.7112350
430.8967852
509.4793526
0.0000000
214.0830915
856.7853492
859.3528579
419.7521601
1262.2260383
575.9732951
220.0000000
1234.6766757
352.4362894
386.3243868
49.8662736
75.6521006
406.1136520
1113.7875246
140.0331891
91.5319440
177.9707514
410.7860820
171.3628014
450.2668611
950.5808165
87.0000000
842.6703191
318.9440436
1022.6884355
753.6737897
315.7519881
1121.7559988
0.0000000
0.0000000
396.2975428
145.8760156
374.8747248
268.8734726
20.9940465
238.0000000
120.9385892
271.9106244
46.7893039
16.3392715
157.0749220
364.2877981
1936.0679814
275.7476144
1016.5769256
235.6871519
421.8134081
322.8307070
248.2512616
164.2594683
86.5765103
274.8563308
462.5064955
30.0000000
349.8214789
397.6476824
194.4936823
980.2839628
445.7464972
917.6709912
278.6590347
786.2934826
226.8019509
218.9424009
180.0583907
283.0059193
154.0000000
51.0045457
99.9209611
428.5318027
157.6548806
954.6292322
242.2594683
1547.5767427
702.5827544
252.7462408
607.4935485
1.0445802
249.1581047
536.9957741
439.4217475
360.6440335
386.3286704
308.8414907
56.9463909
575.7434357
18.7112350
515.2087254
206.9864334
77.0635001
140.9463909
195.0000000
536.2252533
64.0000000
816.7853492
134.2415362
8.0000000
330.2089631
27.0000000
615.6237725
822.8706000
119.0000000
74.0000000
1326.3708896
757.9892795
-106.0285383
291.5400634
479.5471124
799.8747248
22.0000000
226.3216882
584.7075800
170.5511476
190.8574147
76.2839664
15.9582980
788.4874230
511.5547965
28.0000000
434.9983869
787.9551687
713.7360510
27.9170201
448.5292425
353.8761445
292.4458929
238.0000000
39.4196038
525.6847866
406.1554086
631.2962071
660.2988566
514.8858865
1227.7822863
248.3722178
71.7580379
253.9856781
311.3222997
128.8931363
535.6741058
850.0000000
660.0000000
432.0000000
456.9838909
193.5431970
379.8610637
400.2804551
146.8724668
1041.2982320
42.5904922
1075.0000000
52.8036337
369.2294320
170.6385081
598.0541719
30.0000000
242.7621036
112.9864076
223.2137187
665.9856781
131.6238264
304.0000000
66.0000000
450.0000000
427.0528322
449.5350384
503.6440335
111.3212479
274.9661345
71.3993022
547.0811922
615.7969555
284.7814087
281.9208520
339.5411930
23.0000000
18.7788650
56.4965271
273.0000000
1213.6283046
192.0000000
42.0000000
343.6847866
185.1425881
494.7521601
354.8858858
515.6628093
362.7793604
173.1138320
96.0000000
265.0301266
509.5350384
197.7969555
54.5802937
550.2106161
725.6183895
79.5656894
275.0000000
517.0752374
60.0000000
1300.7157132
80.0000000
27.8867091
191.0364884
166.7052815
380.0000000
232.7794081
99.0000000
247.8775040
781.4915070
210.1748945
2078.1276753
0.0000000
552.0000000
148.2997616
120.0000000
259.0972795
1209.6637964
394.8382302
105.0000000
12.0000000
490.4573659
326.9043454
634.8713876
379.5412040
1412.7518201
149.2960570
275.8630090
286.4192638
154.0000000
0.0000000
101.0284710
650.4894263
1532.5633590
124.6993280
108.9312462
94.8774353
510.4681937
300.0000000
77.0000000
84.0000000
95.8783838
92.5802937
286.0000000
348.8296856
425.9599595
727.7378382
315.2203574
342.0000000
456.1819428
301.5460719
480.1402408
665.7385935
442.9216073
211.9343245
316.5566249
72.2971416
329.4057203
515.7518201
131.8967852
310.6403988
8.7969914
128.0000000
384.1864707
96.8178356
29.7949522
270.2060882
262.7393469
1038.4021561
322.2940476
92.8478147
126.0000000
302.2437618
527.5815718
303.8910964
1050.0043062
198.0000000
304.2975428
186.4717050
1185.6253690
360.0000000
199.5353784
1202.7771828
556.4156638
327.3195196
830.4021561
216.4568807
1051.1722015
271.0393547
1455.1272284
110.7529370
86.0476155
352.4108794
399.5022396
1018.8272364
134.6979882
911.3345897
155.0000000
10.0000000
507.0000000
312.0000000
127.8710072
580.4359494
227.8288284
409.2170398
562.2872804
937.2953571
339.5411930
285.4634097
414.8322767
270.0000000
144.0000000
644.0000000
1129.0557472
549.6628093
590.0424478
44.8866634
199.4298604
287.9849532
879.9213281
36.0000000
0.0000000
702.0000000
205.0897343
480.0000000
144.0000000
33.9884239
185.1425881
144.2523523
181.2046968
109.2494648
546.5186896
1016.0541719
934.2093540
159.9026959
9.9507017
10.5351203
1074.4359494
781.4915070
200.1581047
1568.9899765
168.0000000
242.5026953
566.9635531
233.9491421
201.8889792
1914.7729232
121.3303307
228.0000000
425.0003154
1299.5633848
1205.0483672
191.0364884
4.5437628
295.5858779
479.5471124
135.7878558
526.7841420
277.9209611
194.5511476
598.6326579
529.0000000
81.9267335
134.8321047
547.2041070
1645.7041804
196.7052815
247.8654510
114.6447847
635.4385598
214.9070699
24.9751779
146.2651528
298.8750880
460.7731948
167.2782819
110.0000000
0.0000000
360.9198982
451.7563513
162.3500887
236.6243115
247.0000000
16.6632650
709.3386560
324.0000000
675.8947454
-433.6195184
822.2836440
47.0026930
775.8413513
385.0469846
830.1412973
395.6629689
434.7905747
702.4573356
171.5081086
1849.9089423
467.1988300
1436.2852248
754.0000000
406.7822776
56.5802937
241.1117613
552.7076072
590.7663620
1241.4491408
268.2176643
638.1329129
38.9507017
21.2960570
175.9748573
50.5802937
89.8327882
270.0000000
28.0000000
434.7905747
234.0000000
120.0000000
238.0000000
132.0000000
10.0000000
119.9610465
210.0000000
24.9209047
779.8197421
202.1295004
1222.8690403
256.8994782
547.1638171
1010.9608855
499.6847866
0.0000000
170.0000000
207.7777598
0.0000000
223.0296346
36.0000000
205.6709679
315.8691344
17.0000000
323.0000000
16.0000000
1350.4121513
318.7672069
0.0000000
119.0000000
200.9100312
973.5199401
464.4599870
34.4790815
417.6105228
199.0619452
209.5653494
683.5400634
37.4822579
48.0000000
624.2486872
494.7521601
12.0000000
647.2499708
392.2962071
548.7996036
438.1662822
52.3722178
277.8394303
187.2498618
46.4162027
24.0000000
336.0000000
148.3749108
174.9163089
60.8438380
361.4290058
270.0000000
562.4401281
250.2947942
0.0000000
0.0000000
316.9209611
531.9131523
288.9198982
971.7005145
644.6731212
1260.5165432
364.0000000
383.5547965
121.3606417
16.2140587
1463.5081589
405.0945342
64.2109561
622.9510877
1117.1529436
56.0000000
290.0000000
35.0874086
78.3355776
775.8413513
19.9349403
1095.8169862
65.0000000
50.4734332
225.0000000
60.4790815
99.9581129
199.8476946
3.1615273
218.9188311
24.0000000
765.0333653
236.4483924
466.7377338
699.2041070
268.7128054
272.0000000
2090.1647229
487.9166107
615.7521601
189.6105228
415.2556330
808.8967848
219.4519469
10.0000000
498.8069897
438.6440335
332.2176643
817.6456347
76.8045508
842.6584226
56.7949522
227.7696403
1553.2395831
133.7518447
72.5802937
40.0000000
198.9303825
635.4385598
717.5699351
158.8512492
1360.5808165
229.1302557
129.5772656
489.1661819
281.2053343
12.0000000
111.1408523
286.0000000
481.4920692
1121.6090460
404.4020714
30.0000000
1053.9174037
288.4045034
1373.0456427
1751.4262659
142.6385081
34.9548266
1300.7460601
274.3476567
40.0000000
184.0777693
143.3722178
24.5428061
566.7521601
900.3370591
184.0777693
190.5412040
1064.7494671
149.2463988
609.0000000
854.6490909
80.0000000
166.3124232
0.0000000
317.2499708
497.8706000
83.8255214
242.5026953
258.6674191
586.7273380
821.7817947
235.5848990
210.0000000
670.3160794
480.0000000
69.0000000
132.0000000
9.9241291
256.0000000
1343.9491837
87.9748573
210.0000000
138.0358111
353.5831849
681.9803363
1108.7603668
289.9957741
93.9491421
134.4250802
15.9940465
531.9131523
481.2459942
544.5408187
323.4657424
993.7385935
185.0000000
285.0000000
693.5119975
398.3231543
53.9996600
217.9758546
209.0000000
36.1713515
327.1353780
972.9030818
134.7559988
334.3332643
1038.9658788
26.0000000
665.0000000
325.0000000
1191.9338652
492.3332643
1241.4491408
215.1638530
68.0100959
550.4108794
189.6105228
888.4489955
65.0000000
573.7771828
99.0000000
565.8217777
840.0000000
510.2981013
439.6687286
572.8280310
546.5186896
405.5848990
138.4925994
0.0000000
506.9191058
51.1038323
1004.5571735
422.2093540
282.3225574
181.8688654
60.0000000
54.2586116
573.7464756
185.1425881
0.0856684
322.2940476
5.6583513
19.0142692
1006.6645517
177.0200307
36.0000000
102.4008466
363.8197421
12.6190695
993.5875302
169.4581125
861.2102726
4.8481547
615.6463591
360.7128784
94.4668842
447.6378021
152.5574069
-281.6960809
309.5106239
1047.5953650
663.4176885
929.0930535
283.4401281
950.5808165
204.7652062
809.2011556
1686.6548821
388.8288284
225.0000000
601.8454572
252.7462408
752.5040048
345.9222455
645.3325090
78.0000000
80.0000000
28.0000000
248.5653494
1402.4226170
49.0000000
438.5825517
61.7687618
478.1970236
423.4730932
657.1817051
227.6630542
1329.3347827
523.3324538
177.5808086
208.0000000
198.3059272
0.0000000
1075.5314839
14.0637246
214.7052815
44.6447847
245.8135709
96.0000000
112.0000000
319.8288284
521.2030993
204.0000000
458.2805399
391.8654510
334.1662822
8.9615854
591.7004978
588.1554086
525.4893989
1487.1568752
422.8414907
347.1662822
702.0471504
667.4738782
1811.4182864
82.4140218
65.2965471
296.3783338
-364.9881170
4.0675191
965.4323005
92.5883071
614.3245580
0.0000000
106.3208791
107.6178729
86.4734332
0.0000000
232.2864177
681.2767275
592.4730932
655.7696403
30.0062593
182.9552046
37.9880930
879.6432565
570.5350384
107.7460346
280.2828872
34.4140218
130.0000000
281.9167900
47.8196044
826.3489662
520.5999748
47.9880930
59.3000079
140.9463909
26.7949522
285.8618965
761.9631272
30.0062593
106.6243115
524.7559988
332.8631809
74.8969308
50.0000000
247.8926970
316.0891912
595.3261084
1465.7803975
140.1044777
338.1807110
66.4717050
586.7273380
1.0445802
49.8430827
52.5319440
352.4362894
76.9114247
361.4290058
252.0000000
4.0000000
386.9877770
456.1819428
725.3325090
261.2864886
644.8491242
94.8774353
40.0000000
447.6832430
1049.6423598
139.2494648
128.0000000
454.9341001
587.7581136
108.0284710
448.0000000
877.4079684
460.0296346
434.2539572
206.3243868
274.3476567
84.0000000
620.0541719
57.0000000
203.7112350
514.8858865
1141.6444447
36.2120967
0.0000000
338.1807110
1176.7853492
407.1722227
451.5664868
659.8978480
0.0000000
698.8286564
313.6476824
86.9045317
421.8134081
113.6780157
548.5318027
954.3845026
906.1714239
0.0000000
113.2960570
1357.1891464
240.7604609
42.0000000
0.0000000
495.0000000
104.0000000
69.0976195
286.2046968
263.7688552
112.4008466
1000.2981013
161.5460719
681.5602738
195.6364217
264.0000000
400.1214868
697.7377338
314.4568807
625.7416072
412.5442893
339.5411930
-27.9170201
582.7128784
1175.2770265
1031.5231132
568.1176806
110.0000000
504.6084475
221.0000000
599.9341001
720.6347612
500.0000000
1751.6673604
463.7969555
19.5422801
914.5299199
22.5082264
0.0000000
182.0000000
531.9131523
62.0000000
0.0000000
615.7521601
468.0000000
306.9525115
194.4668842
0.0000000
632.9546422
447.6378021
61.5351203
68.9588682
1305.6347612
385.3325563
8.0000000
200.9100312
562.2872804
-46.0204298
752.5040048
466.3243868
684.4552548
393.2877981
703.5826226
606.0938088
1170.4678318
24.5802937
575.9732951
346.9106244
1220.3228728
916.2087838
234.0284710
110.0000000
431.3283304
574.6490909
642.6377312
58.5351203
800.4422087
983.9432644
993.5875302
482.5653494
151.9976527
34.2334705
771.9056291
312.0000000
27.8867091
663.2238651
432.8078864
386.9877770
1652.4106686
318.9916992
635.6444447
75.3008440
242.0000000
309.3225574
40.5319440
430.3245281
402.9643043
325.8727173
504.1342873
147.0200307
260.0000000
377.7763055
950.0580873
752.9409918
300.2997616
463.7424400
1064.4536418
0.0000000
717.4634097
910.5826226
893.5400814
486.6325617
633.8296856
289.1686008
83.9856781
804.6603442
1414.2452389
52.0000000
1214.6249865
269.2027975
1199.7434357
986.0000000
37.0142692
1188.8272364
1014.6945610
25.5022729
493.0000000
53.8196044
843.4953770
44.0000000
91.9759023
523.3324538
791.9242198
632.7603668
432.8078864
24.0000000
0.0000000
364.0000000
51.2683855
255.0000000
1637.0021309
641.6871519
78.5109639
520.6320144
504.4573659
692.2415864
61.9518653
428.7128155
522.8706000
458.1361474
235.0883686
195.8177750
315.0000000
1599.6862602
546.5186896
563.8773412
55.8662736
374.8441837
659.2252533
869.6456347
74.9574407
1200.1496858
75.0440609
115.8958293
403.6737897
1317.0465069
630.0000000
572.2913772
102.6615776
483.1709265
396.0000000
1024.6731212
1315.2055701
72.0000000
852.3135133
171.0000000
16.2921731
949.4875950
26.5402083
40.8286564
373.9327985
0.0000000
0.0000000
56.5904922
203.7138268
324.1526913
84.0000000
715.7324964
546.5186896
435.7733924
243.9070268
67.4008466
17.3752460
729.5396847
670.0730392
522.8327882
47.0874086
451.4534100
242.9976527
684.8407354
175.5908526
387.1553540
494.9409918
51.0305691
14.7621836
275.0000000
298.8978480
130.0000000
252.0000000
80.4397369
376.9864334
657.4137377
721.3828334
177.9707514
505.4104570
427.5908526
580.0000000
666.2440515
180.4029511
520.5999748
590.7663620
284.4401281
1145.7121231
23.0000000
40.0000000
326.2934826
148.7014817
220.0000000
0.0000000
143.4164105
54.9838909
989.6215370
53.0783704
255.4925994
602.2934826
35.0000000
536.8608336
693.0000000
102.3103262
46.5181824
51.6655284
1080.1987233
665.4730932
209.3325090
368.2275927
476.0000000
188.9483544
-556.2333952
505.5296046
0.0000000
621.9608085
7.8045508
419.8143267
350.9385892
1217.2994216
122.4586775
802.5976066
152.5574069
12.0528624
555.0000000
658.0972795
457.8169862
448.7830643
487.3765741
288.0000000
875.3368872
170.9491421
255.4560261
284.8969308
59.2583058
700.0000000
1278.5672421
481.8947555
464.7603668
1940.3952730
62.0000000
27.0000000
1302.6248774
410.0000000
137.8805435
659.5761703
221.9079764
1320.8822029
102.3752460
0.0000000
740.0385778
6.7788650
741.1889046
569.0443332
176.3385002
320.8960299
231.8178356
61.9523444
587.7581136
478.7960491
22.9957098
150.7508506
9.9241291
100.0000000
22.0000000
599.7521601
139.8597791
53.6187295
108.5172232
102.1086735
684.9073422
518.7490971
788.6599516
325.5529902
546.5186896
278.6590347
30.0000000
0.0000000
38.3231543
154.0000000
295.0883686
479.5471124
160.0000000
111.6178729
240.0000000
369.6630542
432.1970236
287.7865679
769.7459945
111.2046968
383.1950242
70.9173782
154.0000000
536.6647515
0.0000000
798.6347612
312.0000000
64.9795702
28.6863997
126.0407531
518.9856781
8.9742220
418.0000000
128.0000000
802.7420642
372.2730786
136.9861088
157.7321294
492.0000000
1136.2454251
372.2255933
182.0000000
857.8848018
458.2247288
804.4021561
958.9658788
492.9992231
360.0000000
1479.5775867
377.8848018
685.6326579
1533.4773808
73.7893039
388.5209292
519.8830257
1034.9341001
900.7185628
332.3668616
201.1302557
206.2439293
293.4924659
29.0000000
210.3796386
310.9975349
715.7460346
153.8327882
197.9864076
890.8978480
889.5081589
161.0000000
455.4192638
403.6507040
78.9690958
1178.7518201
202.4692729
253.9249967
845.9430128
658.2558408
78.9943155
-317.2833706
714.4852477
-348.4283881
1334.9230295
592.9864334
658.6967064
1005.8690403
7.0000000
99.9574407
875.5825517
111.3122038
379.8610637
418.0000000
370.8761657
388.7771828
644.6233758
300.3195196
724.6291034
4.0000000
115.8958293
6.4540588
353.9941222
129.6119193
0.0000000
228.0000000
122.4586775
854.8160932
398.8160932
124.8455773
193.9281991
889.2041070
637.6388235
587.7218491
17.4533035
158.0551795
37.5274313
530.7629809
795.1529436
1023.6916580
299.0000000
116.2683855
505.4312810
592.0000000
928.5012572
59.0921956
24.9209047
290.3417031
145.9758546
398.7518201
228.5047046
110.0000000
1108.2569694
265.2888407
946.6090460
404.7731948
68.6863997
553.0844010
187.2371194
227.0640485
96.0000000
201.5704550
396.4108794
273.9089552
414.0000000
290.3722178
772.0972795
630.5761703
1794.6130781
528.0000000
162.3500887
1321.6444447
693.5849483
131.2583058
42.5021893
147.5968061
33.0528624
656.7040254
35.0000000
885.8555532
286.0000000
114.7913523
308.4483924
153.0000000
611.5849483
294.0000000
801.6326579
95.2827152
76.4156638
99.5493895
231.0000000
747.7519881
211.8770272
728.0000000
41.0860429
469.0417496
0.0000000
601.6246269
217.1662822
30.0000000
421.8702252
781.5447442
791.9242198
921.9040054
546.5186896
238.3303307
41.6650259
90.1713515
255.6487670
260.0000000
184.6306733
721.5101980
347.2437618
288.0000000
225.0000000
623.0492635
624.2961340
167.2782819
311.8654510
918.6599516
16.8045508
2060.6380170
1170.6500081
92.0000000
123.1777442
101.9517562
1211.6603442
60.0000000
120.7580379
41.6650259
98.0000000
552.5466150
366.3712297
18.0000000
129.9163089
0.0000000
63.4151054
722.2294320
89.5702173
81.9267335
32.0000000
552.3225574
1075.5936508
288.4793526
112.0000000
306.3357496
44.9940465
547.4777395
126.0830915
15.0000000
317.3769141
125.4565684
0.0000000
68.0000000
136.2106161
469.2312416
143.9281991
670.6992466
663.4176885
697.5707127
313.5714491
339.7945263
48.9588682
432.7076072
27.3373465
260.0000000
57.1408523
614.7521601
196.0000000
380.1988300
276.9803363
235.2027975
952.7459008
27.2356169
99.0000000
256.8832947
704.8377511
313.0830915
1299.5633848
408.6334805
0.0000000
174.9483544
100.0000000
154.0000000
642.8734726
171.2442878
378.8762719
554.9518653
732.0716797
1266.1277926
92.8815601
258.3893587
466.6243115
950.0000000
54.2586116
396.0000000
949.3087850
638.0500188
665.0846691
75.0000000
55.8340401
997.6290603
518.8160932
610.9975349
98.0000000
377.7763055
252.8143267
219.6187295
473.5831849
809.2053343
74.7913523
53.0874086
351.6927848
125.0860033
109.4668842
616.7494671
28.0000000
568.1176806
795.5466150
399.8747248
264.0000000
970.8530537
60.5038526
408.0000000
