1000
23 36 86
12 71 89
47 92 81
0 55 55
8 31 78
98 13 29
57 76 73
2 21 41
19 15 33
79 100 64
54 73 68
43 19 26
78 100 69
42 35 78
70 93 6
30 29 57
49 43 41
10 32 14
81 69 83
77 75 10
98 29 77
95 24 55
10 33 56
74 92 31
52 68 11
74 13 7
100 70 91
85 9 98
74 98 45
54 13 86
48 100 27
64 96 55
79 12 10
8 2 87
50 22 39
99 60 89
45 4 63
37 92 57
41 87 80
30 64 33
58 20 22
69 96 28
54 86 32
27 65 77
45 58 33
52 71 59
69 3 81
67 7 97
60 68 69
51 16 84
13 64 55
24 1 68
80 46 30
97 7 12
92 82 14
99 99 99
87 20 40
77 76 20
15 100 82
94 30 5
40 29 7
73 29 39
42 33 8
79 37 2
2 96 76
87 70 20
100 63 3
39 81 80
83 77 15
43 48 99
48 39 20
63 97 5
84 79 77
96 23 79
100 89 96
51 61 55
7 33 36
97 81 53
51 26 61
38 100 15
34 99 40
84 24 17
42 7 15
98 69 74
13 28 46
28 14 70
69 39 59
92 100 81
70 67 75
97 14 17
18 75 3
1 55 20
77 65 16
76 70 22
87 78 17
14 60 30
6 23 99
57 66 7
84 95 42
44 31 91
56 92 59
14 72 37
65 19 26
47 2 34
49 79 11
96 23 25
51 7 31
77 75 53
6 26 84
77 97 48
18 95 60
47 32 85
20 62 88
99 70 27
36 65 62
81 40 43
57 75 37
28 75 45
1 42 57
35 71 80
22 54 16
95 29 87
54 99 95
12 98 95
72 69 8
81 64 70
83 88 33
28 44 77
86 67 92
100 35 40
26 63 84
13 98 74
34 64 3
97 83 99
13 21 19
4 92 13
97 87 65
23 34 79
67 1 56
1 22 6
0 33 60
4 62 87
33 61 4
10 55 4
6 74 32
16 11 38
2 77 57
18 66 28
58 27 76
71 35 27
15 28 37
69 82 83
70 42 40
81 8 37
52 68 7
81 38 96
98 6 75
13 9 61
76 21 60
13 17 1
17 53 33
73 4 82
52 23 15
53 48 96
41 9 44
82 98 10
0 20 25
19 77 96
61 71 58
77 89 85
25 25 97
43 72 63
19 41 36
8 90 85
83 77 98
82 86 16
14 46 40
50 45 96
19 59 93
96 46 59
59 8 29
100 64 45
44 19 7
65 34 26
97 61 94
91 88 3
1 95 53
7 29 92
60 29 94
41 67 73
24 81 77
4 64 27
90 67 82
32 98 7
68 47 78
15 40 98
7 25 48
37 2 41
6 54 76
34 27 91
57 41 42
98 42 24
20 98 70
35 99 22
58 90 100
1 7 59
75 55 81
15 81 62
15 74 4
26 20 90
75 91 13
92 31 9
49 47 74
72 9 77
100 26 16
66 30 100
90 69 64
82 56 91
69 44 38
10 55 27
20 28 98
45 3 87
58 36 22
21 63 84
84 70 75
95 22 15
47 68 48
84 32 46
96 10 58
83 25 47
10 5 43
79 94 60
89 84 47
68 82 88
0 65 91
82 32 14
70 29 55
75 18 61
10 28 72
7 52 70
17 31 57
16 39 79
28 13 37
67 45 84
37 62 67
29 21 89
17 2 33
100 66 7
72 17 12
11 83 30
95 62 96
48 19 14
60 100 78
39 5 38
73 7 6
91 2 12
49 78 52
97 88 98
95 95 17
34 14 7
93 92 92
47 74 14
88 27 3
91 86 25
34 10 100
54 84 77
4 25 17
27 63 72
77 83 58
44 52 32
21 28 21
23 89 93
56 35 42
23 7 57
35 81 8
2 1 3
100 89 76
25 17 18
61 56 2
30 60 84
36 17 39
62 46 8
4 86 31
81 16 88
61 88 67
14 84 31
51 32 31
87 37 36
37 54 52
80 80 99
28 9 52
5 20 37
64 25 83
99 8 47
98 28 93
55 84 13
16 54 82
46 74 16
87 37 94
24 66 29
47 88 38
93 79 38
13 47 81
52 29 5
73 94 6
37 33 18
95 52 21
83 89 31
88 17 100
5 77 17
22 15 99
25 85 66
47 88 70
31 43 35
68 63 40
52 72 19
25 60 20
6 37 12
89 41 20
21 66 14
87 93 35
31 30 58
7 38 80
31 80 31
17 79 13
46 60 87
32 94 82
73 67 79
55 99 81
91 41 56
90 24 63
50 22 86
66 96 69
24 57 9
72 83 63
85 68 41
21 84 62
64 70 73
65 91 93
42 13 34
27 6 1
21 53 4
100 18 7
88 40 84
38 18 100
23 66 83
4 45 66
65 77 89
91 22 82
76 9 32
70 44 46
15 29 66
48 86 21
73 94 45
20 60 75
10 19 4
33 17 14
7 29 86
8 59 6
65 18 82
4 64 60
50 22 62
31 10 68
6 36 66
15 48 19
94 41 86
14 98 61
53 22 1
75 30 25
55 55 17
65 42 19
93 8 68
25 54 15
54 7 5
4 47 1
38 15 17
7 56 41
80 53 38
11 45 47
63 93 100
17 69 21
72 36 27
84 1 80
93 21 57
59 46 2
96 28 17
19 78 93
97 24 78
22 34 52
28 11 21
92 40 17
23 17 75
15 19 12
53 86 23
37 87 64
23 3 100
93 5 46
87 22 56
31 47 82
11 72 92
37 59 59
97 10 91
21 81 30
57 27 68
33 6 28
53 66 72
50 65 61
79 40 83
53 3 4
46 65 73
11 60 98
17 52 13
20 73 83
28 2 36
84 30 23
19 87 86
44 27 57
85 74 65
1 23 28
38 18 74
47 52 75
25 61 69
25 12 74
67 68 52
80 25 64
63 38 11
99 97 98
10 22 75
10 72 100
37 43 86
29 37 5
62 59 95
61 85 22
38 3 52
85 67 94
98 85 38
9 72 95
4 8 40
59 31 96
28 74 83
69 74 98
77 31 9
33 44 96
64 82 82
77 61 9
87 57 12
55 48 15
95 85 18
79 31 94
62 48 83
54 18 72
30 5 55
78 53 78
84 71 12
8 67 44
54 83 44
45 58 69
70 88 73
39 39 55
8 20 80
63 5 13
84 90 42
35 45 55
48 64 69
36 98 30
56 1 93
67 19 16
75 33 74
94 7 87
87 63 13
28 88 81
9 100 8
99 35 58
9 78 90
3 53 40
2 67 55
37 73 10
32 43 54
56 61 7
0 92 67
89 99 82
7 34 65
16 96 54
79 48 76
63 74 95
36 64 15
56 82 23
17 63 22
36 4 21
91 54 60
67 3 26
66 20 11
77 83 32
99 62 71
31 9 89
87 63 16
98 100 65
67 95 83
91 9 77
5 5 86
8 61 41
59 19 85
65 77 35
96 46 9
6 54 76
33 70 76
23 58 58
50 42 68
42 91 58
61 12 61
25 65 34
52 37 89
29 21 13
59 75 32
13 15 91
20 71 63
31 20 6
47 66 68
66 25 14
84 40 70
0 57 27
34 29 37
9 67 98
50 91 58
78 12 26
99 95 91
25 76 48
42 67 14
8 88 1
7 78 53
34 92 25
75 28 25
78 71 68
27 23 13
73 81 29
3 31 48
87 5 14
94 29 22
35 16 42
78 23 25
39 68 89
37 65 24
41 58 27
57 28 81
67 60 99
16 86 46
34 15 71
13 63 44
100 87 47
30 65 81
41 88 72
44 88 41
79 67 41
89 8 11
72 73 82
20 56 69
64 88 26
100 76 79
39 42 75
79 6 30
21 94 36
98 23 27
88 98 54
84 63 23
85 71 33
52 27 39
54 12 86
59 43 87
57 38 52
76 41 73
5 98 52
15 81 30
90 63 36
38 96 19
32 77 66
8 44 91
99 3 95
35 87 31
41 35 64
27 81 7
66 75 25
35 97 48
20 11 46
30 61 23
78 56 13
88 58 41
36 42 44
100 31 11
67 73 45
1 13 64
71 75 25
5 95 26
79 46 84
3 83 27
35 68 35
25 43 87
15 73 20
88 64 68
78 12 41
60 86 100
1 69 27
22 64 65
14 78 60
35 57 4
8 78 93
55 82 21
7 55 65
85 70 9
17 46 54
94 13 95
12 88 91
58 20 9
58 85 42
23 7 39
24 8 15
67 56 15
47 12 95
68 23 60
0 27 62
16 12 2
84 74 99
25 68 86
61 89 91
6 10 20
20 46 23
66 90 100
48 38 28
64 15 25
57 92 78
90 69 60
14 36 81
41 97 37
27 56 28
49 37 81
33 20 79
1 54 73
25 40 82
25 2 9
70 72 24
94 24 53
92 80 87
62 46 1
13 55 55
81 58 33
83 62 4
55 47 53
51 76 26
79 26 26
40 32 40
18 82 44
41 98 74
24 98 37
27 5 38
19 13 36
52 39 2
70 25 2
75 69 6
17 73 94
8 92 17
100 90 10
63 4 15
29 16 45
51 22 21
13 64 42
23 1 19
83 56 97
82 45 77
55 98 32
57 85 91
86 14 22
82 93 96
76 87 22
32 38 20
5 19 45
43 54 4
86 22 44
3 82 67
8 7 32
15 90 92
30 44 90
10 37 85
84 79 48
84 98 25
7 52 33
81 13 32
49 86 5
22 4 96
31 90 6
67 53 15
82 35 76
74 3 72
87 40 57
53 70 66
21 6 39
67 12 75
100 97 2
55 94 47
41 20 71
31 32 20
81 30 41
3 96 47
94 73 33
20 2 14
17 43 82
98 39 27
44 33 42
75 9 23
65 89 98
48 21 33
38 13 28
6 90 18
92 7 98
12 7 78
60 24 94
60 34 72
59 83 100
79 48 79
10 36 76
6 56 93
38 87 35
41 85 37
39 94 64
90 93 62
56 44 57
60 2 68
71 86 34
36 87 6
98 80 87
77 88 1
59 75 48
56 6 32
33 69 55
18 28 91
48 100 7
33 39 73
34 44 71
44 60 67
28 89 30
19 90 69
41 97 68
100 1 1
6 33 77
89 86 90
74 83 52
66 89 30
91 86 32
61 95 87
90 16 86
75 23 60
79 7 62
12 25 45
13 82 4
61 11 97
67 94 53
67 23 25
55 77 36
67 48 15
34 67 6
51 34 61
76 82 99
87 15 84
41 62 75
57 75 18
56 80 4
84 53 47
74 27 60
47 1 94
0 30 70
13 69 20
96 100 18
30 74 67
55 80 45
47 71 80
86 54 55
80 32 67
42 63 85
33 36 11
35 72 76
81 79 13
13 94 70
34 16 89
41 48 10
27 39 58
10 33 33
53 28 74
26 91 40
48 55 54
72 53 57
44 65 58
73 43 35
16 15 64
46 13 17
19 67 40
0 2 42
93 73 87
4 79 33
22 45 39
33 56 65
19 8 1
36 32 85
43 81 99
42 12 84
12 8 16
73 32 97
25 18 17
28 37 95
95 85 81
73 60 73
19 23 85
22 2 57
93 40 71
85 13 84
77 46 98
7 62 58
96 31 25
61 6 25
94 62 11
61 30 32
70 35 42
79 88 11
21 99 3
76 84 67
4 17 11
93 28 75
26 4 85
96 33 27
28 16 5
100 55 38
0 71 40
11 30 40
8 87 8
42 65 78
39 5 87
3 38 18
80 33 25
77 41 62
16 66 96
28 96 15
100 54 94
54 28 35
81 45 30
82 89 7
80 5 56
75 93 5
65 88 97
17 37 79
45 39 5
97 76 47
97 40 45
11 69 57
98 4 46
75 36 52
61 55 7
86 75 33
40 67 34
56 84 29
79 20 6
52 60 75
16 58 42
82 47 46
71 52 15
80 15 95
34 59 57
51 52 94
8 64 34
65 69 32
8 61 3
85 33 65
29 36 86
42 67 86
48 59 23
86 15 32
66 15 25
49 73 97
46 26 68
23 76 96
55 93 15
49 35 2
90 78 19
31 37 19
89 80 48
68 45 5
82 65 54
60 57 42
32 60 75
66 22 24
71 76 48
16 81 80
90 14 81
12 33 57
56 65 95
50 58 100
88 98 52
68 76 65
16 58 27
53 89 74
52 90 42
4 11 83
34 78 66
15 12 1
46 25 23
20 39 43
33 84 61
23 7 3
42 93 63
76 27 10
73 35 23
54 8 62
45 19 56
87 81 48
96 80 66
77 21 90
69 91 72
53 48 15
67 60 11
91 10 23
38 68 94
79 13 6
12 24 3
64 16 62
91 61 19
38 20 36
31 9 91
21 61 42
24 84 57
56 83 72
11 73 54
82 79 96
82 2 69
51 37 95
22 42 25
16 5 23
24 100 35
93 6 84
0 32 79
91 5 25
16 81 32
43 82 22
39 72 57
52 69 42
17 81 100
51 72 5
100 84 31
5 92 68
14 58 26
67 5 11
77 28 9
55 71 46
35 22 38
47 53 21
97 70 4
23 70 19
100 74 54
54 93 10
32 74 85
28 95 81
12 55 55
4 84 60
11 92 53
74 29 63
28 1 34
61 9 64
54 47 14
94 54 91
95 88 7
13 78 5
52 96 17
46 13 67
73 81 87
60 98 27
31 86 25
83 21 71
43 9 84
29 35 24
10 87 38
23 68 11
91 63 31
85 7 21
80 74 70
53 100 79
54 36 40
100 66 13
16 66 92
10 9 17
51 82 15
88 45 37
4 78 15
83 83 38
16 35 59
17 89 70
99 70 86
62 90 75
59 60 85
53 6 61
99 77 4
91 77 63
37 13 100
0 53 42
61 11 30
98 85 64
