150
251563
3984759 937479 1303914 9282839
27467 94801 57554 84759
799135
6436339 6922120 7913867 3346951
58 1 0 83178
796619
4291837 5958271 8068009 9137111
83686 89010 83207 54412
669918
3255587 1 13 8709522
71775 1 4 24568
286701
8668530 1430048 4419280 6657109
36212 69484 51242 6017
325090
4473635 6650164 617383 7047277
96345 36293 74634 71454
800000
7880818 5932472 2427109 3877781
1171 40625 63531 758
729196
3140885 8623960 2063822 6055139
91854 92821 2962 23976
275625
3922046 3167472 3747945 9733903
8070 94446 79739 85817
216342
9344949 5804464 9213475 6496169
64743 3542 9474 40156
149538
691914 3485163 9500683 5065603
86794 65005 72895 44384
185508
3246021 6003133 8567629 3995647
96708 52939 83624 28414
569406
715433 8626264 7022617 5071919
11793 63977 48207 42093
135431
5077930 9908269 4697063 2216021
69668 52228 51017 25459
471537
74105 1 14 6601584
19665 1 2 82759
799518
4036690 9290972 629041 9409319
67 1 0 35880
448479
1342497 4800123 8421214 2925151
43629 85572 59123 76741
405326
3687499 7345611 2607937 6739981
11764 54019 25273 96203
460160
1035446 1592362 4729973 8105711
10757 65826 15937 75493
799246
7130761 6216496 2575834 7255711
71 1 0 10078
85311
5188284 3939570 1228251 6839939
25994 48757 11125 4026
656811
8931535 2052465 5971352 3381101
18581 38659 20138 19510
529660
1630822 1469977 2069247 3971411
53634 28568 2535 56424
228905
5363599 859661 501337 4462817
26370 53013 77566 11872
286961
8385198 3987078 2169189 8017643
55037 6417 39137 86313
766243
1859367 6712730 461813 9019327
53616 49692 34523 55829
679575
3228222 5225474 4203750 3901217
83074 39223 45263 49101
5842
1326256 3831571 8973515 6286457
50935 89833 5142 57746
113276
3677258 113870 6675969 8029909
13361 79754 72611 94157
38341
6370342 4120876 7474990 4328851
27728 11714 69542 60854
464409
5099568 3841791 735959 2948861
60641 90781 3122 77851
401275
9995231 8117 8091766 4100939
59846 44663 45148 42854
6541
6916556 5745855 8621202 9219739
45608 88856 9000 74094
302752
91982 8008864 5013407 3750623
57507 38107 43433 55356
158645
3932852 2786994 887114 5226421
22550 55416 3068 94050
692094
5266521 7814603 6792948 6262489
37281 10251 31685 8249
700932
4853621 2954333 3793331 2722033
35803 48377 76986 12230
650389
6939878 3942839 2563973 3650069
70999 92765 72611 25629
490826
4070072 1127416 6034324 2724719
86690 55980 57557 52510
123060
1447929 6188878 7591103 2399119
98414 3581 92137 81637
800000
9284363 992074 5483194 6912539
204 68884 1353 65381
766659
6788987 6722285 5540685 1547479
32279 20581 31144 77933
485756
6378809 3458574 2717929 4008227
14519 34116 60221 22479
148398
8016561 1060099 6967308 7845329
14680 58306 49555 64029
305507
6031502 1044535 2936786 5074423
45656 51889 41081 64845
735417
1800155 8692663 8813911 6106207
41759 91859 16880 79710
786443
87626 4202626 8807082 1923683
71670 49106 27955 42736
166963
6777301 5587025 4787909 4810483
85156 38666 83607 3322
22576
8289710 4616340 7242784 6051289
89763 38728 14814 51661
734168
7525645 2354352 8053222 5247163
64171 53886 58018 98940
559354
8263457 3391508 5619627 9540347
48100 71432 65692 42094
342162
5578821 5617385 4924009 3572189
40541 50843 36776 45817
787257
6852137 900923 1386404 4010603
64763 10578 95677 20521
355851
9373744 4609384 6078280 9812183
14819 41649 18505 14986
354645
5201287 4307708 577715 3265151
15311 3900 30092 16343
486662
3825826 3270761 4143198 7129261
16490 82961 99312 51790
264271
9358848 7084891 7133303 4978199
60146 68078 5949 63893
724211
4699617 1 10 7242187
41625 1 3 16697
799911
4647118 8230784 414342 4826291
11 1 0 70867
166064
2880009 8749788 9041855 9849127
24293 52992 96169 91331
193788
7375107 7988790 7344168 1454711
88929 57515 3430 74658
629869
4073544 9372971 8938912 1924903
3054 33384 13144 56002
30607
8238915 2873291 4995481 2805533
6864 13595 65754 77494
233053
2949978 9538109 1007531 9529259
66507 48523 81355 37185
232194
5593217 7115209 89016 4781737
87415 24272 8646 14743
710795
2647346 6100657 1416561 2124197
70998 53511 85482 75083
366822
5478191 3127005 3925488 9187727
96436 21755 49375 39146
376239
5119320 4825672 9774660 6825901
1600 24334 93269 64903
137858
3816908 1818292 4649478 4414153
91205 21212 25648 61802
685050
4173632 3410559 9188574 6282889
11399 90715 21175 41560
224230
868223 5015144 8006892 2440153
84534 39226 25142 40985
18827
9521417 1 10 189194
79035 1 3 96645
721656
8977969 8522105 1943305 7129481
67462 56602 69445 87844
290888
9661242 4255961 4603570 1195679
50643 24046 62980 32671
799523
6188922 6879499 259817 3927593
10 1 0 23851
331683
2515554 6318205 3774537 1636637
39029 74109 742 42132
684817
6694502 4033510 9261196 2147611
14712 53164 21454 75869
800000
1836621 1140525 201072 6553111
81410 26408 62566 76085
800000
6663773 2128441 4859555 6731059
20543 89865 38934 40017
155273
3049473 8473871 3522430 2330771
31458 54187 68523 36770
354502
9725102 7844756 2216225 4246217
55709 33946 57710 59393
5
1 1 0 100
1 1 0 100
544142
8066734 5833271 2429882 7326203
4838 34764 54516 150
799918
8026988 8815361 8434028 7598893
64 1 0 39039
687327
5945446 1228581 2619650 7171259
47097 12546 53877 97438
620791
5317505 8818627 1840571 2152399
47941 48256 23185 63735
155922
3291360 5326342 3624573 9968951
41900 53964 40180 73822
705333
9920596 6318926 3944744 8179393
60669 7163 8605 17062
262616
3276410 4096021 8164101 4048249
61864 48150 88567 22581
517276
3679909 725989 6219138 4563679
9288 73488 73962 44632
26100
7687891 7345777 5053960 4487801
91784 47002 47523 78568
702947
2029889 508237 668553 7583119
41548 23815 95596 11122
465297
5351914 4735557 3049628 8878949
32722 17034 85438 75210
93571
3362271 4467137 7142765 595481
11890 28173 67012 11974
123330
2885125 4754653 5353431 5002157
59708 59359 65422 57387
386293
5578388 1680540 2968626 3425507
7298 53688 65656 37094
760716
3256351 1611484 8815979 9533179
74419 64323 84746 16381
585116
7903332 8143192 9248568 2818789
68980 36112 70097 78716
800
1 13107 5 12917
1 12917 5 13107
431368
5849416 6126122 9695664 1768477
72036 60999 58593 46642
225780
2309498 480333 7120626 3493367
81133 44159 80440 29688
768796
3268217 3435571 6741191 4012381
90911 17965 69552 37076
355663
3663009 5963528 1579522 3014779
8664 12583 42270 40735
799314
496884 5173679 4334722 5846233
89 1 0 43136
799796
756517 7342784 1046569 7252879
56 1 0 48271
10
1 1 1 100
1 0 0 100
446842
5384103 9160440 6242091 9520793
76296 84176 45356 72115
409410
6458687 4538396 8193941 2712709
94584 3171 61694 29977
675842
1390196 6023568 9623088 6551393
94079 33053 11215 79086
799897
9897009 8263191 7365771 8027339
88 1 0 69989
107942
6228550 8874631 3756357 7981189
84780 33994 71431 7345
35386
4581157 8310910 2652938 4943723
10340 73634 60308 4200
228245
7391623 9651204 5339017 3531989
45436 28993 72266 9931
800000
1261916 2960160 892887 6372013
36813 12955 35356 63252
403054
6075371 909736 661980 4610917
58649 6595 39588 72103
800000
4332581 1738230 8853842 7979057
66171 9761 63488 15137
677825
2564652 5399782 7262727 5812073
48018 54356 40520 14630
799948
6006947 3147310 5573892 8225117
1 1 0 50601
200724
4865906 4244571 6534244 7891591
30784 94847 72038 99358
457946
3941691 8519620 5251025 5353291
71839 89954 63874 49774
800000
4184377 726967 7510534 3897703
48427 52570 85560 36214
571930
8426282 1 12 6863836
90619 1 2 22779
173932
592924 1 13 2261200
69110 1 4 19660
778731
3706164 1800916 5978520 7871207
27118 11705 6908 85465
1736
6503797 4999731 2290627 9933701
35292 22216 12964 22864
421832
6634028 1 11 4640403
23600 1 3 28559
48492
6002191 5944053 7517882 5934571
78233 73102 30693 49941
661193
1584072 4631055 388480 5324171
44038 14977 64924 60064
537584
4463039 8809641 649221 6023939
24112 97877 45363 94587
619228
8022351 3482320 7632716 7841161
77671 68578 73002 54181
13
3 3 0 100
7 7 0 100
123278
6184716 1 10 1233176
59659 1 5 69293
753208
5056419 2460242 2536661 3503869
80172 20090 37841 2145
319045
4033431 2830915 705078 2193421
88087 83917 63361 51412
678754
5022051 651887 3173128 3208867
67423 21451 86736 14753
363374
7634548 5720207 8196092 5419907
91795 21105 31942 96570
175191
8881569 3979404 7922901 8677967
39044 84149 97212 13848
595993
1404508 1095398 1462461 6214751
46267 23039 7917 71333
556039
9174374 8067043 7675312 6829729
98587 35926 6332 28158
701470
1231899 3180633 1557767 7692767
65285 33523 91043 33180
800000
1977106 1101999 5354543 3654641
54538 61076 78852 41696
96998
1661979 3915679 5075979 2906549
99284 1857 27886 82511
761144
2894542 4745981 6708222 5964533
64868 6503 69364 65733
362299
1928754 1187061 3499879 6664447
48850 10204 83232 83471
5
1 1 0 100
1 0 0 100
792343
2462478 3624324 6466030 5071873
36979 86256 23376 62378
743193
4629066 3186695 5475779 3622511
90359 85420 89158 67869
425482
1159449 7682974 3316987 8272333
67354 39660 40348 48488
376837
580805 1 12 4522477
94374 1 1 34989
423828
4158372 3229819 5825216 9813521
46667 39113 71925 33721
