100

3060 6 9
3945 5930 4479 75 2586 4650 3504 1885 1948

10 16 4
14 20 12 10

239 374 17
410 114 311 59 322 431 107 195 249 130 310 474 286 77 228 8 88

5 9 20
9 8 7 6 1 10 5 10 9 8 6 1 10 4 4 6 7 3 3 8

70 69 15
1 32 107 18 95 6 68 11 36 47 131 126 52 127 136

16930 20164 8
9910 17902 5289 32195 22461 3420 7511 27098

15467 16463 4
24739 8033 11541 26092

1337 168 9
2222 1978 1572 281 447 2134 2417 2454 1956

3644 7003 20
6095 3491 2954 412 2866 4775 7088 463 3211 5194 6612 2195 2084 1726 2374 1714 3810 6972 5418 6726

969 1774 15
1066 897 1258 1669 1762 528 603 210 621 254 1912 348 867 690 1019

11681 13469 2
7354 15130

49 1 13
64 95 59 81 48 94 16 66 52 14 12 54 53

11 15 20
3 13 17 17 11 14 7 11 13 3 5 16 11 21 21 4 9 16 3 12

1 2 20
1 1 1 2 2 1 1 2 1 2 1 2 2 1 2 1 2 1 2 1

32 22 6
10 12 17 51 45 16

13579 16588 18
18763 24672 25226 22285 11540 26133 17083 17023 13943 20902 14390 14289 22158 13537 23848 16078 744 6384

1357 768 14
1921 2122 1946 2116 490 940 814 2570 109 2212 2022 1333 582 672

588 757 12
274 415 917 71 618 614 864 227 866 857 712 1020

345 196 14
376 533 91 354 640 643 348 452 70 68 485 274 66 167

90 30 20
145 4 65 137 55 137 96 121 55 86 103 10 173 166 151 107 84 138 89 2

10 20 7
17 20 1 2 18 19 2

6605 7593 14
11937 11802 5450 11789 1474 4149 6889 6120 1610 11605 6184 6185 2891 4845

1 1 19
1 1 1 1 1 2 2 2 2 1 1 2 2 2 1 1 1 1 1

4 2 17
3 5 7 8 1 3 3 4 2 3 5 8 8 8 5 7 8

47 44 12
72 39 40 51 49 5 80 68 35 19 60 51

9 11 19
5 1 9 12 6 2 14 16 11 5 9 9 11 14 4 7 6 8 10

232 290 8
277 433 293 402 271 426 398 165

77 44 7
104 14 121 84 141 139 20

283 123 13
382 546 231 298 257 329 40 213 304 457 334 117 150

61 27 2
98 114

308 109 14
309 226 424 195 89 220 229 562 92 569 430 317 323 383

11 7 4
21 3 18 22

1657 1873 17
903 2101 2094 1988 1161 1305 1788 2115 1020 2499 2787 2878 2632 1346 2337 2598 860

33 38 7
44 44 65 23 42 48 24

51 89 15
38 80 13 102 82 90 64 81 35 43 37 89 28 90 55

7 6 15
5 3 4 3 6 4 5 1 4 12 10 8 1 6 1

945 908 6
508 95 823 1378 927 1090

78270 57896 9
59243 8569 36149 64105 117415 22223 84966 143558 56640

1376 2086 6
2474 2650 2276 2507 2515 421

666 1214 16
1278 295 280 499 1103 493 1247 640 527 931 54 633 387 53 883 357

426 806 6
184 618 52 221 323 625

7478 2897 18
4961 12973 7540 4738 4775 10026 12146 849 13681 5025 14890 622 10802 14187 1124 10004 9820 6549

6 4 1
5

1 2 13
2 1 2 1 1 1 1 2 2 1 2 2 2

2454 4326 9
1315 1323 2623 1256 2280 3950 809 2341 2142

24 6 10
34 10 30 19 3 7 44 36 15 14

11 10 9
1 11 12 14 4 3 11 9 18

144 161 8
188 118 126 251 190 104 218 96

19796 15702 16
34066 770 36080 19372 31416 20595 20081 34018 33086 24611 14578 3531 14255 14321 32194 38530

31580 14098 2
36900 17153

352 369 2
149 179

6381 8741 9
7618 8595 10049 7652 2467 5956 2211 10995 3407

1 1 2
2 2

81 123 14
15 128 60 132 148 84 131 57 100 117 35 44 44 51

1212 2386 14
1634 133 2284 203 249 418 851 1975 772 2259 132 2186 493 68

1947 3589 15
761 505 3835 1060 1511 1909 221 2016 2836 135 1745 2628 336 2822 3671

97 132 4
75 156 164 190

12 5 17
9 5 9 12 5 11 22 18 12 5 5 14 14 19 11 22 6

4608 6336 4
1050 9150 7890 286

10 5 9
8 5 2 13 6 14 18 1 3

214 23 10
23 91 31 269 160 158 224 368 175 25

3118 6180 2
2795 5057

9629 8991 15
8191 15801 5813 18817 13412 12729 6498 1154 10603 1458 7709 2210 3817 8972 7847

50930 63241 18
66321 61197 87440 44661 79350 50738 21351 38670 15817 58370 55466 76598 88584 34723 32662 94535 31590 99838

2 1 10
4 4 2 2 1 3 2 1 3 3

24 34 6
45 47 40 12 39 8

7486 4615 7
11154 11308 5520 6610 13468 12959 13510

2392 4548 14
4132 1263 1518 1380 3712 568 1750 3002 3137 1578 4077 578 4568 4068

74 36 18
101 95 60 28 64 52 99 66 119 102 108 124 9 43 40 50 91 137

2052 1092 1
2814

473 14 5
946 186 504 918 832

28 38 15
14 20 54 11 18 34 47 50 20 43 40 27 12 55 21

12 20 15
15 6 8 21 9 1 21 4 13 2 12 19 21 2 15

2 3 11
2 3 1 3 2 2 2 2 3 2 4

2 2 20
4 3 3 4 4 4 4 2 1 4 4 3 3 4 2 2 4 4 1 3

653 49 11
510 397 677 1202 1060 459 36 809 84 1045 1194

1923 1567 19
3217 2740 115 3295 402 2135 2081 3146 2814 1490 2959 3628 1710 1069 3186 1448 3775 1096 2834

25 19 2
39 28

3833 3359 15
472 7278 2402 4058 790 4285 5148 6560 2462 5830 2999 6804 4239 4537 2014

4 3 9
6 7 2 4 5 4 6 2 4

37192 22403 3
25060 27655 24129

120 199 18
157 14 172 88 24 70 130 119 207 114 219 105 58 125 54 67 160 131

57 4 2
98 69

72 63 15
112 23 132 135 14 43 99 74 88 77 103 128 23 77 73

888 51 16
1043 951 1357 1135 592 873 685 1301 267 1323 141 1396 1658 209 753 435

496 876 6
214 492 381 611 312 162

7306 637 8
10836 332 3426 1280 13810 6982 6738 11322

76 80 3
111 150 103

568 511 20
627 752 939 337 1039 905 894 202 329 1130 82 300 976 635 835 948 1038 840 1070 1039

10852 2154 20
5901 12097 11569 21332 14108 9221 19729 1945 14847 14241 755 18114 1193 517 1672 19864 3865 1332 3409 17885

8 10 17
16 1 3 9 16 6 7 7 11 3 16 4 1 15 15 1 2

53111 105947 13
69137 40931 56878 80288 98889 43176 58062 405 19621 95988 32374 80428 46977

173 2 13
103 270 140 277 127 72 328 17 30 158 65 312 256

3 3 1
4

7268 9876 12
13072 8938 7839 10469 12724 6534 6098 6913 4722 6465 2758 2963

127 68 6
102 205 14 153 196 253

3 5 15
3 1 3 6 6 4 4 2 4 2 3 1 1 3 1

15 12 13
12 2 11 26 25 30 22 14 6 21 17 6 14

1 2 9
2 1 2 1 1 2 1 2 2

1 1 9
1 1 2 2 2 1 2 1 2
